1,-0.26,-0.77,-0.14,1
2,-0.27,-0.95,-0.04,1
3,-0.05,-0.92,-0.02,1
4,-0.25,-0.88,0.2,1
5,-0.17,-0.6,-0.07,1
6,-0.12,-0.67,0.07,1
7,-0.06,-0.82,0.26,1
8,-0.39,-0.23,0.59,1
9,-0.06,-0.29,0.7,1
10,-0.53,-0.23,0.08,1
11,-0.37,-0.21,0.16,1
12,-0.54,-0.12,0.13,1
13,-0.55,-0.08,0.34,1
14,-0.47,-0.58,-0.13,1
15,-0.47,-0.71,0.11,1
16,-0.24,-0.68,0.49,1
17,-0.57,-0.25,0.39,1
18,-0.42,-0.34,0.48,1
19,-0.22,-0.51,0.66,1
20,-0.26,-0.03,0.59,1
21,-0.59,-0.38,0.29,1
22,-0.41,-0.01,-0.07,1
23,-0.38,0.12,0.06,1
24,-0.11,-0.34,0.45,1
25,-0.06,0.04,0.62,1
26,-0.3,0.44,0.3,1
27,-0.05,0.2,0.34,1
28,-0.14,0.32,-0.2,1
29,-0.32,0.02,-0.37,1
30,-0.57,-0.33,-0.21,1
31,-0.37,-0.53,0.46,1
32,-0.43,0.33,0.21,1
33,-0.48,0.06,0.28,1
34,-0.24,0.61,-0.01,1
35,-0.09,-0.73,0.38,1
36,-0.06,-0.6,0.56,1
37,-0.04,-0.26,0.33,1
38,-0.25,0.2,0.51,1
39,-0.06,-0.53,0.33,1
40,-0.06,0.47,0.0,1
41,-0.55,-0.04,-0.2,1
42,-0.58,-0.32,-0.01,1
43,-0.48,-0.63,0.35,1
44,-0.09,0.48,0.41,1
45,-0.41,0.14,0.48,1
46,-0.35,0.21,-0.11,1
47,-0.47,0.33,-0.03,1
48,-0.11,-0.56,0.13,1
49,-0.26,-0.34,-0.17,1
50,-0.57,-0.5,0.12,1
51,0.27,-0.66,-0.12,1
52,0.22,-0.96,-0.05,1
53,0.36,-0.82,0.16,1
54,0.08,-0.76,0.05,1
55,0.17,-0.57,0.05,1
56,0.13,-0.86,0.29,1
57,0.47,-0.11,0.48,1
58,0.41,-0.22,0.6,1
59,0.3,-0.37,0.64,1
60,0.06,-0.26,0.7,1
61,0.53,-0.16,0.07,1
62,0.4,-0.15,0.15,1
63,0.57,-0.04,0.11,1
64,0.58,-0.05,0.31,1
65,0.49,-0.6,-0.11,1
66,0.5,-0.62,0.16,1
67,0.27,-0.67,0.51,1
68,0.5,-0.24,0.42,1
69,0.14,-0.52,0.66,1
70,0.28,-0.03,0.59,1
71,0.61,-0.26,0.27,1
72,0.4,0.08,0.01,1
73,0.11,-0.31,0.45,1
74,0.07,0.06,0.52,1
75,0.57,-0.39,0.44,1
76,0.32,0.46,0.29,1
77,0.06,0.28,0.3,1
78,0.12,0.35,-0.2,1
79,0.38,0.01,-0.38,1
80,0.38,-0.45,0.49,1
81,0.45,0.39,0.15,1
82,0.49,0.1,0.27,1
83,0.62,-0.23,-0.19,1
84,0.45,-0.63,0.46,1
85,0.43,0.16,0.45,1
86,0.3,0.58,-0.03,1
87,0.05,-0.27,0.33,1
88,0.09,-0.66,0.43,1
89,0.55,-0.51,0.31,1
90,0.26,0.24,0.5,1
91,0.07,-0.52,0.31,1
92,0.07,0.48,0.01,1
93,0.11,0.5,0.39,1
94,0.35,0.26,-0.15,1
95,0.51,0.28,0.0,1
96,0.12,-0.54,0.14,1
97,0.32,-0.31,-0.22,1
98,0.51,0.07,-0.18,1
99,0.57,-0.26,-0.02,1
100,0.58,-0.42,0.13,1
101,0.5412463092336256,0.5356231630257836,0.004134039839399074,2
102,0.6233115348151982,0.5301485081244125,0.2576763599397585,2
103,0.5785901720346946,-0.2954264107115679,-0.19928969173905703,2
104,-0.2735580223100633,0.16351541179838527,0.5423601024079544,2
105,0.4747112900914222,0.10161248696419566,-0.5131502395017052,2
106,0.5528667679836373,-0.030444203341974906,-0.4423172354558706,2
107,-0.25895259259325276,-0.13602650950852962,0.6047924733908016,2
108,-0.5966478059349788,-0.32379831408189913,0.0649721505485177,2
109,0.38632169985420856,-0.30762842364795506,0.17162773824278532,2
110,0.14463615681566355,-0.19697210798001383,0.5258334681258194,2
111,-0.5119676279211773,-0.24819485153488893,0.24350529647503244,2
112,-0.4354105751509564,0.09676399572665877,0.4806443769066961,2
113,0.20012898052356676,0.23731777241774443,-0.397862238322424,2
114,0.05508039372236467,-0.9435006897797853,0.38294178491824515,2
115,-0.08656165870020611,-0.8472662551661762,0.4149245559750251,2
116,0.5109672508593747,-0.11910485430135367,-0.1389564386055016,2
117,-0.5345295347134346,-0.06480099185391558,0.09878911137033354,2
118,-0.07309203297743326,0.6070010413720014,0.0018921848129941402,2
119,0.27351485435338846,-0.22207265868220458,0.2978628706229312,2
120,-0.5133851798169389,0.049088513974012246,-0.17034374226406535,2
121,0.7318214850804693,-0.23692628282247927,0.2879427233746283,2
122,-0.29850701229402343,-0.8642976865388964,-0.39983128429373394,2
123,-0.5216065517993934,-0.8762437920956697,-0.1944094862843165,2
124,-0.6218587197137664,-0.4138986878416482,0.2226022398624546,2
125,-0.13144646017701325,-0.09173415494265084,0.7487996516205001,2
126,-0.3738566001762293,-0.17980645025748535,0.42180247356929457,2
127,0.18534274621807864,-0.7548361566538967,0.3233662399786889,2
128,0.5696443638019643,-0.2754823261696137,-0.16011346042549018,2
129,-0.33797829942562607,0.4091767150844328,-0.12942940927034544,2
130,0.054676337603506396,-0.42604550297776755,0.6264927938176488,2
131,0.47466850578071756,-0.31280198911253226,0.4171634555483696,2
132,0.1630486714198684,0.498884131202525,-0.025293965343766652,2
133,-0.17157547475237697,-0.1598419434035537,-0.09561087290924934,2
134,-0.01910641230866666,-0.2535778180887841,0.15059049764494906,2
135,0.556835085964887,-0.22996432431731326,0.3499567605554127,2
136,0.021835370494586254,-0.4626199859428316,0.26129935591715725,2
137,-0.3555013502119081,-0.49989964777152585,0.09540007589640054,2
138,0.5925905752046613,-0.2843676608277781,-0.018526974286142046,2
139,-0.5768448065953351,-0.5028872593591046,0.12567915852078537,2
140,-0.19301700305230854,-0.8176282543700242,0.3201404374423803,2
141,-0.13318467538617051,-0.7831492609997277,0.33521744215007027,2
142,0.4494899522386218,-0.017376919381085418,0.2877330996898444,2
143,0.011217507196778626,-0.446545616654878,0.7139138563031844,2
144,0.4237156384948493,-0.3127566714523074,0.4006689203209675,2
145,-0.3423459430866962,-0.2611510843102954,0.5771221916069589,2
146,0.419340898688853,-0.5092624938454858,0.47070697289634084,2
147,-0.23921611723025582,-0.3556101620184694,0.11997112026538091,2
148,-0.2136647386292318,-0.3539747289493578,0.23782663131518092,2
149,0.02190718418071787,0.3172355891874756,0.3657710562173503,2
150,0.5662695506713635,-0.16945777264292808,0.4829590803721612,2
151,0.25046387796299097,-0.611207644800814,0.1853352501803977,2
152,0.2472149000050443,-0.4997293363233237,0.14328603436048326,2
153,0.16118326987397416,-0.4821810421245459,0.05148157803142646,2
154,0.35358460066332825,-0.5268726344289262,-0.035414753270626785,2
155,0.5091370294489896,-0.6517391459205584,0.15607432382651834,2
156,-0.34676651852779866,-0.33877497146223196,0.3166984419891285,2
157,-0.32546554818481244,-0.8892359522076364,3.409583719490032e-05,2
158,0.17545939710461467,-0.5660298568405565,-0.04447626732806841,2
159,-0.5031688133275075,-0.07291378844259429,-0.03154612627005625,2
160,0.25661340964738494,0.0298932149422117,0.12613363594780788,2
161,0.02945830830406705,-0.08271485213781495,-0.02074588480039849,2
162,0.5288822460939948,-0.11486905871411505,0.4674416608662501,2
163,-0.2092488866409855,-0.6166489476699756,0.020393201260179156,2
164,0.6032331801379348,-0.20012027474094415,0.24210473290499196,2
165,0.09485744978870489,-0.7609208235218865,0.4918408485367957,2
166,0.1332149471637677,-0.8258736862521175,0.6146496750259183,2
167,-0.06646635994358349,-0.6697277069790674,0.19226366747009654,2
168,-0.16351207070349905,-0.3905847931036852,0.4603476572107285,2
169,0.036039817398628486,-0.3310144294633335,0.4051504926978147,2
170,0.44229406692118095,0.21003116612049308,0.3531807127139017,2
171,-0.5484182830343173,-0.24820234880371086,0.39868309636504995,2
172,-0.21305152119938855,-0.3335937501272857,0.38264898512249096,2
173,0.581925043076071,-0.3053521175197696,0.6062947602592357,2
174,0.21173868343698915,-0.8713551054499323,0.08598764306889972,2
175,0.33324445478211456,-0.5399986382982077,0.4758268588886426,2
176,0.3442983455175045,0.13718562706296666,-0.16086934232515404,2
177,0.18774878309118023,-0.7257454507581386,0.2191720793491191,2
178,-0.31881645993434365,-0.2689690879533738,0.03966733708033834,2
179,0.02890322018551104,-0.3212392790301648,0.5476285517872043,2
180,0.04333004660582395,0.48647166253564617,0.3428596106698644,2
181,-0.1861402031405657,-0.1525770780128586,0.015180174255323194,2
182,-0.03708600169463416,-0.012426820194696965,0.21604987618953522,2
183,0.031579242736235864,-0.478128580258226,0.25656831597435753,2
184,0.32452224081438114,-0.6120993564648423,0.0829633028983145,2
185,-0.4701506228440969,-0.20913474228160908,0.02020932412286077,2
186,0.011891637488586734,0.42817969050548355,-0.01149579924695256,2
187,0.3054517336703357,-0.4636457733305825,0.1796611936280243,2
188,-0.5427068891424364,-0.18221278376293573,0.5200158247996532,2
189,0.17904516096760684,-0.8052512647792514,-0.06023559455546519,2
190,-0.7071739438158847,0.11297037102663546,-0.04016114579637813,2
191,-0.6078011335804518,-0.04565199025847199,-0.11865400667221637,2
192,-0.17951182653486833,0.09710417919764204,0.6413724029291437,2
193,-0.31636111392523875,-0.6047829747163107,0.03992378928281868,2
194,0.2405266878184291,-0.20714272039217455,0.014871704190659928,2
195,0.3770994537408368,-0.09912872422759511,0.08890683493212034,2
196,-0.4596642927532287,-0.5158208592165029,0.4328820909780887,2
197,0.4450192264878188,-0.37917130288855955,0.3342064832147478,2
198,-0.5008487443028196,-0.2510442262659075,0.07179474776157997,2
199,0.11424385791997844,-0.816699780544311,0.30919957629495526,2
200,-0.03972831246231351,-0.7408642992119681,0.19262301247702962,2
201,0.551854314278998,-0.15955502999467377,-0.00446984983787911,2
202,-0.026466442837839284,-0.6541085232865801,0.0903521369642303,2
203,-0.16161026129969716,-0.9499375218224496,0.13043464113684947,2
204,0.009369344542075745,-0.5918930331956731,0.45348310147663756,2
205,-0.4404531546070995,-0.5153057569166432,0.5028957599010887,2
206,0.46604963941445676,-0.2845954527173979,0.6085762760554757,2
207,-0.2531468743763253,-0.7866357004541776,0.032542261931514486,2
208,0.5835743157920529,-0.14829091053188154,0.43153280473252376,2
209,0.2163859621568618,-0.36920718733858565,0.2760266822786106,2
210,-0.12930968889272124,-0.7164095760508099,0.3408561630866549,2
211,-0.2735580223100633,0.16351541179838527,0.5423601024079544,2
212,0.6756554078703206,-0.18333796168812214,0.3920896122681296,2
213,0.5214129778758398,-0.2089810332891149,0.06808901407190578,2
214,-0.09563197593009369,-0.45088540272084,0.28226249413791,2
215,-0.3200760543436002,-0.25539786428577055,0.3434753669375899,2
216,-0.17779786958237567,-0.20213567502966187,0.2749770235678561,2
217,-0.30759699929157513,-0.11151649228433168,0.42943490259471856,2
218,-0.44199421544384343,0.39300408586108565,0.16256448864089726,2
219,0.015760998844838586,0.24287216014938012,0.31176823152868927,2
220,-0.03154075469300849,-0.19587760180385477,-0.06664570457323539,2
221,-0.16721899070312057,-0.010569740579511608,-0.10933332450751349,2
222,-0.5213322769993258,-0.3805024956255751,0.1571753107484974,2
223,-0.37793711336807295,-0.05284073574168896,0.33494789249191115,2
224,-0.08970620171065048,0.5895840346742623,-0.07552494231437991,2
225,0.023195832542419567,-0.9443559470939101,0.1449387489967657,2
226,0.4089641236127043,-0.460285463903922,0.4187147462762129,2
227,-0.11847392928323654,-0.8729480502873649,0.33324715932052246,2
228,-0.47046440438295695,0.10989801669188036,0.0037434315865658638,2
229,0.2271253050562249,-0.22547306097194,0.13703023098581937,2
230,0.2369901740525881,-0.2940025484654426,0.36890745994173807,2
231,-0.3025286558886766,-0.5839128115356922,0.062385096209497885,2
232,0.05599659850974914,-0.7455867103736552,0.4085000540411972,2
233,0.8313347522763813,-0.08067411782281615,0.013623467073775885,2
234,0.7996906918289609,-0.18873782852249385,-0.14545355020311043,2
235,0.7765988421217666,-0.4143496347730296,0.6014583923769448,2
236,0.788477093789472,-0.5819124341544002,0.4776045120987058,2
237,-0.2014003187364245,0.17029347962316024,-0.10817819733377217,2
238,0.0849393035977994,-0.31581875532015125,0.58539468553561,2
239,-0.29544504189650483,-0.5783342818850444,0.2557625514457901,2
240,0.27186776707321086,-0.16241556149654618,0.13856366177433094,2
241,0.2859368145317185,-0.3570126436229549,0.09414724510933217,2
242,-0.4547318800073216,0.033563452513256514,-0.07427577299339184,2
243,-0.31217405778939555,-0.03551723869822474,0.047514940475217524,2
244,-0.1667352419920993,0.18380243656002962,0.03151168528866886,2
245,-0.05123687268516653,-0.7893621567596893,0.5333797036109478,2
246,0.03529679570869693,-0.5525746835962728,0.6714227118461089,2
247,0.014499616733082686,-0.7537123839709862,0.7073454323238869,2
248,0.15661123677716923,0.6090378818804749,0.17178387614839088,2
249,0.26609296215442024,0.39928050669368825,0.1264886232176458,2
250,-0.28184604105016825,-0.9280636626368796,0.09209956391336567,2
251,-0.547955294127068,-0.54847247704179,0.6674586485363383,2
252,-0.5509329129742716,-0.6047195539292556,0.541371190670147,2
253,-0.5636583877935772,0.21727433161444493,-0.18134874659028594,2
254,-0.013760925633917238,-0.3799630608609723,0.43080768874214964,2
255,0.3891501694488438,-0.7240211868324792,0.3462740692336553,2
256,-0.6271358644612336,-0.22664778615678235,-0.11557904143232536,2
257,-0.0482201962366648,-0.5934387741090992,0.28264712100745265,2
258,-0.5493755834315199,-0.6756995803334098,0.029869272628711193,2
259,0.3607215807755384,-0.8370014080958261,0.24985146358724206,2
260,0.32252778124737747,-0.8028536184290049,0.1457994476901472,2
261,0.1804924240294138,-0.2663137501621231,-0.34385144692038205,2
262,0.010429021441426645,-0.08661524429411299,-0.4555025868252184,2
263,0.11532794158196101,0.19456039744681933,-0.3322765443915286,2
264,-0.38518499244053706,-0.5261343719746409,0.5226587457164287,2
265,-0.42447368712027006,0.017763763916397536,0.5056284760091433,2
266,0.26749281683781473,-0.4642019668508099,-0.06119741401143934,2
267,0.2293365132802106,-0.6615331207351167,-0.19308759403971643,2
268,-0.13863801424635938,0.3176811693685905,0.3854972906051427,2
269,-0.09620519925288455,0.19439165824685217,0.29158017948722265,2
270,-0.13073868479796,-0.05865842196025049,0.31932161587106345,2
271,0.27101409798809334,-0.3827864605738062,0.5847141128696154,2
272,0.45084431679105075,-0.2018367048596921,0.09922154388395434,2
273,0.5071033189926308,-0.03045172009383906,0.35071252745250037,2
274,-0.2853203137976575,0.3360821103822319,0.08274316139268342,2
275,0.04918247581397517,-0.1231572803924258,0.49826159999466496,2
276,0.41275036478437815,0.09020028457085588,0.1534943526941646,2
277,-0.019026906023062447,-0.40292163792720226,0.40952116350873496,2
278,-0.4394690107151048,-0.2348583267308778,0.3346289627167031,2
279,-0.4378792739369024,-0.41793195937311034,0.5533071015756454,2
280,0.6439459710143459,-0.4255634943379318,0.344872650678337,2
281,0.3669488251145218,-0.03955839165245458,0.673967928810661,2
282,0.48103092377711254,-0.2316803104588093,0.4582006009547538,2
283,0.08737687686850774,-0.023998120431045277,0.4860508063874201,2
284,-0.6205799800495515,-0.32767233650680877,0.49837167200902327,2
285,-0.14737050496825288,-0.7222152339958322,0.12673584600213336,2
286,0.018377422268030623,-0.48576117006037817,0.08990394320422403,2
287,0.1647662295742516,-0.7668894630826779,0.24591115840499117,2
288,0.4686680720766694,-0.47619297868614147,0.24088278871872726,2
289,0.5994677625869786,0.11043071769916743,0.15772575314628276,2
290,0.1804774317701076,-0.5618578106774592,0.3853593890017555,2
291,-0.2968092588746577,-0.41355987586307486,0.4644019862424461,2
292,0.2895891331091555,-0.5179672577160868,0.22113089688636148,2
293,0.20208909473035425,-0.6248055319622562,0.010013299024066209,2
294,0.12822721940275097,0.06966843285837748,0.6295723107130501,2
295,0.06200603971721593,-0.3105598282666632,0.1781364088018268,2
296,0.07465716257441746,-0.21233718642526922,0.39325844123146153,2
297,-0.5450687374987333,0.01076390630959858,0.25059126620488353,2
298,-0.4320807960005509,-0.6540463305916412,0.23496749367933786,2
299,-0.38733127849246274,-0.7380165137862056,0.13167130327277493,2
300,0.346375948013299,-0.32959473020883745,0.4898066866919974,2
301,0.5609624621098989,-0.13610450215149705,0.1610877597455975,2
302,-0.1675641533174117,-0.8564035392982269,0.4659273986309666,2
303,0.43814937663635,-0.5071012905523787,0.0715047223433126,2
304,0.06726756831283526,0.5207631919814759,0.008175010649773544,2
305,0.5957237166222147,-0.14587062314656593,0.3514925718765037,2
306,0.51428467854538,-0.020670021770002062,0.1520704946343125,2
307,-0.011983403737757036,0.3924867778211202,0.32242774962648113,2
308,-0.31956820022251253,-0.2796439029899548,0.23500551703512843,2
309,-0.19876985078980042,-0.9188174392228722,0.22006466040183345,2
310,0.004044726157910348,-0.33168983900670834,0.7542420644864262,2
311,0.39053285494122747,-0.4216040972620007,0.023691123199059225,2
312,0.25035199326836244,-0.497037092455393,-0.03806392638220794,2
313,0.3530002479179604,0.1227593805380298,0.6008658935041988,2
314,-0.5018293691487625,-0.34123351482377695,0.24639364375992384,2
315,-0.13905316609638943,-0.7917838147049187,0.6015894948900048,2
316,-0.1929209642780705,-0.6087697302064308,0.7313880825560575,2
317,-0.08907192638989886,-0.5317583141020747,0.5027736620139084,2
318,-0.20397168376314598,-0.7744851528147026,0.31373507595241057,2
319,-0.393393433465729,0.3231464860508214,0.26017719947664564,2
320,-0.2737166412034344,-0.47175138487586227,0.5162383120453121,2
321,0.24698576198977323,-0.10835058872999546,0.8724898409873543,2
322,0.4520358976898653,-0.2151304164828462,0.9237093383429076,2
323,0.07509091565434645,-0.6019280914231729,0.044503008310830774,2
324,-0.11491334628438754,-0.3777888909210987,0.13655658692169523,2
325,-0.27168350722460044,-0.5934795566954386,-0.2143125650470128,2
326,-0.08970608965146606,0.5895838302379848,-0.07552419864838433,2
327,0.6120803891024986,-0.3120342118804867,0.413108965417326,2
328,-0.32299633593411625,-0.03409016446628358,0.49421093177005593,2
329,0.050792927516151574,0.3591972211597109,0.4099772357093306,2
330,0.08333604577669096,-0.6408951268308961,0.3906274010159917,2
331,0.6401329425364536,-0.3415904013892374,0.16105418690923723,2
332,0.4694264261994323,-0.07205373831772874,-0.3102232652614016,2
333,-0.5196625387900478,-0.7050352402478381,0.263850084960323,2
334,-0.07333132564371536,-0.830122886661831,-0.06965050625647291,2
335,0.15002983879028317,-0.4809810675608819,0.39566053342526647,2
336,-0.4312285150386455,0.19706399893863966,-0.1442030151915112,2
337,0.07347284730750232,-0.30735919258480143,0.2708794145641411,2
338,0.047475365693168944,-0.1975915935268848,0.33309911040347623,2
339,-0.5276180343142389,-0.1530311049473066,-0.026734063922792824,2
340,-0.1924023713540471,-0.7951327694824167,0.004607396167762833,2
341,-0.3020762059886595,-0.5877724789038492,-0.19398874623944304,2
342,0.03940712484983906,-0.6059718530979794,0.3819714932943903,2
343,0.03352353878124517,-0.7259193360583697,0.07426935253792115,2
344,-0.4993292205820396,-0.34712492759278507,0.1840218909534638,2
345,-0.4577912387221189,0.3265651357132442,0.03783711244974733,2
346,-0.4604961925868856,0.5153013913452514,-0.2656435106853504,2
347,0.07406061541447924,0.006550192027365934,0.2037029934320804,2
348,0.07890337318127626,-0.019328783899017526,0.04913416995122693,2
349,0.08226066254926309,-0.5527621722854583,0.09785288082718914,2
350,0.6052089773007578,-0.10808246948493987,-0.009325798247483854,2
351,0.11760029522591658,-0.06874552919443828,0.6527998086700524,2
352,0.4538208095030925,0.39764574312944334,-0.0264253902833557,2
353,-0.46811270091839197,-0.04738189594817521,0.23803874145078058,2
354,-0.06469261719736205,-0.538907734576873,0.14490869352026242,2
355,0.37298314609264777,-0.039023609711059816,0.4469594712724013,2
356,0.09334941620047743,-0.2522418649755353,0.74326124993035,2
357,0.023286111654648254,-0.16955414062649982,0.7575481130374818,2
358,0.496311194885709,-0.07531206090645337,0.2310596777077316,2
359,0.6686565634569801,-0.3354626134492106,0.2841931289810927,2
360,-0.3423459430866962,-0.2611510843102954,0.5771221916069589,2
361,0.47668563227770655,-0.6225197098238856,0.3431476503813236,2
362,-0.24775636527437792,-0.43099287162449496,0.34034436461649464,2
363,0.27230947479617096,-0.3150851573522449,-0.1416913914562206,2
364,0.1490828052106574,-0.2578270121342625,-0.055986648235923364,2
365,0.13045075745573345,-0.4922379299907847,0.15755926764150197,2
366,-0.4121974165903307,0.1764195583240771,0.11526703735492118,2
367,0.4008741198548822,-0.6540624357193592,0.11975097629977967,2
368,0.07465716257441746,-0.21233718642526922,0.39325844123146153,2
369,0.4491495085076956,0.13490122289138257,-0.01413636545691512,2
370,0.07163415418477741,0.38728355237607626,-0.10485031232715586,2
371,-0.04063877271168606,-0.07482253967078267,0.6132132188660858,2
372,-0.5821423926758371,-0.02744931200948952,0.5881353167422902,2
373,-0.10763986051504086,-0.5764509549450327,0.3802699072411607,2
374,-0.5324540245711579,-0.15863682086490802,0.05841282908124281,2
375,0.08686200878053409,-0.6271511742541926,0.3512810137440926,2
376,-0.12857487685494035,0.24743312846276289,0.6050739644605179,2
377,-0.3013143131131548,0.32787704376294735,0.7391098287467239,2
378,-0.3728342645340631,0.14177150031176108,0.9178714933418061,2
379,0.05980187662421898,-0.40354652062976876,-0.3018735045408123,2
380,0.25753314317502896,-0.37223467543583216,-0.35072004473734025,2
381,-0.037638425490159354,-0.7373673194387295,0.44487834050166364,2
382,0.5678122437010202,-0.15552960910345318,0.6307497277685749,2
383,0.5971642074684069,-0.09083384699474946,0.7880592824620942,2
384,0.5898092135133279,0.086533250560301,-0.04905243674999263,2
385,-0.3852992224677448,0.21533702246370603,0.08898481023871094,2
386,0.4119149595843866,-0.450674129417833,0.5711879711618645,2
387,-0.07000329758875658,-0.09380632389114095,-0.05935841689540535,2
388,0.07087633211605032,-0.21377535922059077,-0.13324860305650638,2
389,0.03004264700003692,-0.459926754569325,0.039127732508811616,2
390,-0.5228824237841915,-0.7849011525216624,-0.1537090138162854,2
391,-0.7361462356814321,-0.804510866792184,-0.04712437759836897,2
392,-0.4112772308665716,-0.30978322300378736,-0.11134957670047237,2
393,-0.3479430409970729,-0.0488718058835036,0.34561633873599507,2
394,-0.4720951480562757,-0.09708222338159403,0.29997808552645533,2
395,0.2133952037932806,-0.6426445908721021,0.15992510481412955,2
396,0.27070123396289686,-0.12333610949011621,0.12746200409552982,2
397,0.04489700416559533,-0.000523328701517646,-0.08340796103954197,2
398,0.41426142383345727,-1.0700417171086198,0.30765834365388234,2
399,0.4618880582402105,-0.8887483356144109,0.3592695452851491,2
400,0.34582348200526464,0.11183160677109732,0.5036297718067398,2
401,0.04768324655826833,-0.3193953460292917,0.3003815990453952,2
402,0.1605792701273361,-0.7595222693845002,0.42149604436535815,2
403,0.08804797203220362,-0.38056295847641386,0.004755315706781417,2
404,-0.17026274380275072,-1.0082073753698344,0.17250550059379727,2
405,-0.3995170472613819,-0.02998776713630281,0.1510269547926068,2
406,0.613210479755611,-0.348865329730141,0.5172970358196668,2
407,0.3971652895780335,0.12856694102656177,-0.14206688386142022,2
408,-0.15627693555455116,-0.8629675372641373,0.13909844751372843,2
409,0.07820864323942772,0.18037317530982727,0.3492325592786247,2
410,-0.11700477982324224,-0.49283497543221133,0.7021181679999129,2
411,-0.23403274687896028,0.36317403700583184,0.35121276271853497,2
412,-0.030484264185176576,-0.6559947365049793,-0.010996012017366276,2
413,-0.17187185044629694,-0.4548798163561949,0.4795545219292486,2
414,0.47161656798236706,0.02408477716145729,0.44798861764240655,2
415,0.6201290397954267,-0.19518396502674598,0.2111215604656662,2
416,-0.09209281376857734,-0.21716841316242952,-0.118192746806515,2
417,-0.015516698491357095,0.019598231967091106,-0.2106167939838108,2
418,-0.42979112722148227,-0.08429733381916205,0.44802964651422267,2
419,-0.022309023925753763,-0.2506305912490473,0.40304574312115615,2
420,0.02893874252831901,-0.5116049964831582,0.5769524342614656,2
421,0.2525417684887846,-0.3216952597818016,-0.008959948249228916,2
422,-0.3172036524742954,0.04914056143407973,-0.0030425250241219344,2
423,0.6725470385528999,-0.5227727506147227,0.46081672120869466,2
424,0.6816633665597271,-0.42967650584432426,0.6275196566439167,2
425,0.3256034202628426,-0.6758956270024387,0.6272392694215287,2
426,0.12604364258863035,-0.6808375759563624,0.5530166443517003,2
427,0.029271976289833166,-0.6786630081553324,0.4992981805141967,2
428,-0.17326201012589057,-0.32327305862762923,-0.03178796109687513,2
429,-0.15941274707741057,-0.5046356358393614,0.0788758781961105,2
430,0.4408593919059148,-0.860652810393689,0.4659228841803045,2
431,0.3380634287901397,-0.8628166870575521,0.7661265398731599,2
432,-0.06740039731897597,-0.5606259072632049,0.34217532642222687,2
433,0.19287048266180853,-0.8800597841437308,0.22196447713377968,2
434,0.5128475558195156,-0.0005934710552981386,-0.36647892756493644,2
435,0.612697916639771,-0.18019915225159094,-0.27362907284376636,2
436,0.46345998059297416,-0.002189970569142329,0.4621191292821295,2
437,-0.5862411139519625,-0.5230104606696313,0.3002381503334208,2
438,-0.07562258526564843,-0.9654310730959298,0.38055335698035386,2
439,-0.057834992134597446,-1.0103464270831206,0.1784925508429825,2
440,0.4835536313793385,-0.1830072219963472,0.5415830737016133,2
441,0.29657907084001367,-0.42130167838196564,0.29313905711054966,2
442,-0.39234706514080403,0.19759603174058143,0.3548824066558595,2
443,-0.5417186217367351,0.017996993251232808,0.2894678170652756,2
444,-0.4422206820824381,-0.7097510348302288,0.4298760789319656,2
445,-0.41618796794426743,-0.5437176103490846,0.3187164771870121,2
446,-0.06825269029128382,-0.6862888747454929,0.5387688663500295,2
447,-0.46077756163212846,-0.6014381219009858,0.4849467902605925,2
448,0.4118406347439125,-0.06079440887434139,0.1531377530993853,2
449,-0.6297246739434343,-0.4308001765787469,-0.03835197399753493,2
450,-0.5236675223329135,-0.5198581749253062,-0.17784892506383423,2
451,-0.5196625387900478,-0.7050352402478381,0.263850084960323,2
452,-0.3605255076818829,-0.6216758344867445,0.5294088889863524,2
453,-0.08219208695510315,0.17384962817284824,0.37921052080521606,2
454,-0.21139936035502407,-0.8245332326003602,0.3952141989765854,2
455,0.7324938251531155,-0.033479303065823834,-0.1354876503482514,2
456,0.746272488481068,0.08525574865200765,0.021075296736633393,2
457,-0.8165721690324544,-0.10995618919943415,0.18175049849372515,2
458,-0.7522422249324942,0.020738292533260518,0.1275791651957803,2
459,0.04812471285009781,-0.4905641310618891,0.8031610724625148,2
460,0.40223623513808887,-0.7821823077162627,-0.060844046716113924,2
461,-0.1686322964803279,-0.7093877795626404,-0.13665196052716938,2
462,-0.161319448428921,0.018999828218477816,0.7233572365040398,2
463,-0.14323687899461465,-0.08546871571919586,0.5276485904238369,2
464,-0.28052313902242254,-0.6032994555416272,-0.17819681473433616,2
465,-0.22220275043435583,-0.2602204507490299,0.09319732377004275,2
466,0.12893467059762984,-0.7150922457008443,-0.049780875769517334,2
467,0.6703862982569325,-0.03622930697398276,0.14020560011816238,2
468,-0.23951999643026164,-0.3903491014060329,0.5142812557896608,2
469,0.15718082502919578,-0.5629480643299826,-0.08701362468679051,2
470,0.05725940832998718,-0.6714837692043272,0.2566130243965253,2
471,-0.1332625849607902,0.5668469842417618,0.541758492955835,2
472,0.297598976180686,-0.3011383893762272,0.55311914005314,2
473,-0.3968274075057668,-0.40499189515121564,0.6431448371497215,2
474,-0.37115484849147046,0.3571517385444097,0.011353261076866097,2
475,0.4450192264878188,-0.37917130288855955,0.3342064832147478,2
476,-0.45251141066283257,-0.2778221015600503,0.4179984784594502,2
477,-0.4853485053636468,-0.46889614316629113,-0.08459403285060312,2
478,0.060492097143562476,-0.6317507814326989,0.1627184491441822,2
479,0.465867522980595,-0.11967734592939903,0.1950078152706172,2
480,0.08507468498232316,-0.30896891358275735,0.2681576814091199,2
481,0.6147150830955554,0.008252773062480345,0.01741777629963627,2
482,0.6003993403651847,-0.10442942528571739,-0.00845986075174523,2
483,-0.33616062471467467,0.04191774067414825,-0.20785858397744106,2
484,-0.3089089245808829,-0.382102044259558,0.7230766955249711,2
485,0.3484472705678522,0.05724411409713371,-0.22286938065016823,2
486,0.032011047954306523,0.11650841225924094,0.443122123784451,2
487,-0.5103755911766027,-0.8188434540021386,0.24375900919442237,2
488,-0.5574500029248327,-0.16000841074805267,0.175779399831088,2
489,-0.6642728604306652,-0.6640296391439018,0.2057357529511137,2
490,-0.4986097026749567,-0.7483872386775153,0.17489483608278256,2
491,-0.7028728393808138,0.16815165559164824,0.43069556528843916,2
492,-0.5918949712836065,0.33822271821198574,0.5282340310467434,2
493,-0.08943545867854961,-0.6022276871400268,0.5506979545305696,2
494,-0.027894687077880714,-0.40844798299944296,0.4277087269734716,2
495,0.3931499422832594,0.32449803285439344,0.3580390264852828,2
496,0.17336196816536453,-0.3220758888202241,0.5443810275158696,2
497,0.27904324699931093,-0.4991877312741464,0.7027380927890573,2
498,-0.0720094907682883,-0.755802038722759,0.08052680469043366,2
499,0.33379308946172376,0.08961149421215549,0.4182770293148117,2
500,-0.5292344356806231,0.054883584657030436,0.15265508825412766,2
501,0.23663631651497427,-0.270387905125895,0.4854152738131829,2
502,0.4284068878994155,0.038174192907927666,0.13989916981149048,2
503,0.6581380671338259,-0.34956205419224534,-0.026544907540910663,2
504,-0.1626066489237984,-0.6216758910204871,0.2834093643118834,2
505,0.4333901848059883,-0.12125083311146109,0.5762708988535342,2
506,-0.3420434133978162,-0.5734166671535706,-0.018393334261111515,2
507,-0.05043691997916598,-0.11662603813568402,0.4926886741371973,2
508,0.5319876688071625,0.02479125052267452,0.021420995923039653,2
509,0.08220914366352494,-0.41817689547992337,0.5439940853656934,2
510,0.22810606595747163,-0.904547940928101,0.16301497177279242,2
511,-0.40496118222606553,-0.29050811151949346,0.17228275907848398,2
512,-0.28586153095640726,-0.0498011533305343,0.17177217409488899,2
513,0.021060983407191924,0.2178554469935809,0.3610479734903628,2
514,0.005600771690802084,0.31968069360976553,0.10512884757022527,2
515,0.37411874954043123,-0.028661804636514285,0.3655989420363444,2
516,-0.5646303193025118,-0.06827764484662815,0.7428339729211509,2
517,-0.48337941106288995,-0.2536837422783456,0.6591014189346409,2
518,-0.2178704439633565,0.0398473847416977,0.25215817006902735,2
519,-0.2957567106873001,-0.43003342782701026,0.8500868852298299,2
520,-0.23410703977954056,-0.4074064983251725,1.0320725451729902,2
521,0.015527454077681501,-0.3512964221104003,1.1325737555513018,2
522,0.05223585460788103,-0.42162445710397584,0.2708990129266287,2
523,0.022381820951782313,-0.653338502887554,0.48175516585727823,2
524,0.35136176574748584,0.05400607464060116,-0.2183901908914352,2
525,0.08316350821587336,-0.04124938382806222,0.3643767476909636,2
526,-0.3725403735595888,0.03483209926324625,0.8022526704354755,2
527,-0.3217411535622264,-0.1701839972170997,0.8572542025427828,2
528,-0.4599890248435562,-0.14077288857488265,0.4567865088367123,2
529,-0.27997343210230985,-0.5713459787120779,0.3242620050866896,2
530,0.30851182998404236,0.49492582016910275,0.753077243597043,2
531,0.3215812580817909,0.2771647524847744,0.7548021844384161,2
532,0.4200722423831011,0.0006409930622015513,0.4207685977184121,2
533,-0.35372092447549197,-0.49322231295504,-0.04553144956750794,2
534,-0.3143235710291261,-0.11175361245754202,0.013308450597879204,2
535,0.013002040993775872,-0.4534260215799333,0.559111721914636,2
536,0.1807833486146431,-0.06343095015321615,0.37042909267040736,2
537,0.2845897996980878,0.046529242239147006,0.5219865966414262,2
538,-0.6892099989281089,-0.5778490379740107,0.1469413932168763,2
539,0.6224929736831791,-0.37145805733274934,0.33520305300183784,2
540,-0.04806597870858096,-0.19665612172443953,0.3805615503375899,2
541,0.3814846813929065,-0.2236258525800819,0.6047686465068378,2
542,0.11405652757844155,-0.3453155229203683,0.3013692796190243,2
543,-0.5775552030469275,0.0010411979292490963,0.17235571665244476,2
544,-0.2468166172416437,-0.30550029052624816,0.4543724000166575,2
545,-0.6016173157102589,-0.2835943787710643,0.2106064019881601,2
546,0.5439031444265955,-0.6687710889770799,0.04554475461568525,2
547,0.5602106414390924,0.2801811976208333,-0.18045464744608453,2
548,-0.5693868771015058,-0.40621516133042224,-0.10461225999669616,2
549,0.5699372170156662,-0.7820587073646801,-0.2175557850256806,2
550,0.4938305758367574,-0.8578191903528092,0.016684927426254915,2
551,0.4837426146979886,-0.14800228995504178,0.41495107517750457,2
552,-0.6218425098947664,-0.26992201790648623,0.3720784848907861,2
553,0.6192709256302291,-0.5187712337187583,-0.25312215441920255,2
554,0.8642838842688508,-0.7583206748944363,-0.14141164268812845,2
555,0.6389811187372155,-0.12152317386559197,0.24238993262692274,2
556,-0.2756075102587517,-0.7241854443080952,0.44070395792138506,2
557,-0.3012967277806941,-0.2976696480889912,0.6609370035343298,2
558,-0.013114302747421048,-0.19535028611416788,0.4517630167000504,2
559,-0.28052313902242254,-0.6032994555416272,-0.17819681473433616,2
560,-0.6737547670136682,-0.5251787219780089,0.3884890138533825,2
561,-0.5722462309952958,-0.6358923628176413,0.3271064107879497,2
562,0.04799917271040284,-0.6800266312417853,0.30413429189303515,2
563,-0.3643842551001237,0.04980456425314315,-0.04744565723388547,2
564,-0.3852992224677448,0.21533702246370603,0.08898481023871094,2
565,-0.40117449952078477,0.3178220316945228,0.5994716173966879,2
566,-0.4502296163772408,0.15893026522256815,0.538693185631924,2
567,-0.026189386497026863,-0.614471662745247,0.258695135336018,2
568,0.45346044968389165,-0.3446753681345656,0.19152216050883353,2
569,-0.07135982961371747,-0.6863817253165312,0.23148829852533487,2
570,0.08074022755365867,-0.5064600239000656,0.08273508360296399,2
571,0.2240926977422781,-0.1462889413560792,0.3948864909292627,2
572,0.2822587850286891,-0.045791878671385594,0.5738030718527488,2
573,-0.6075516599253029,-0.2831273744442232,0.013260293419883544,2
574,0.49509620374044805,0.4033194554385596,0.4078870082870623,2
575,-0.0482201962366648,-0.5934387741090992,0.28264712100745265,2
576,-0.08860753273813753,-0.6394644313938128,0.07728596556470987,2
577,0.12210800031233539,-0.9954362902484615,0.1177469958819748,2
578,-0.6194895422291964,-0.07065480136841663,0.07911475927084088,2
579,0.5611845338620493,-0.44191579369310624,0.3464541238258272,2
580,0.28306666018417304,-0.2273370760539151,0.613563257933254,2
581,-0.5972929692996553,-0.2109758288300967,-0.09122639180367338,2
582,-0.5645615629268685,-0.05966278652830501,0.579409422138877,2
583,0.16052148510893127,0.20001700024072044,-0.04529862167018495,2
584,0.0514408533049075,0.12656540256840215,0.11000800063644979,2
585,0.24558411797473398,0.17731596656308324,0.6715624887163518,2
586,0.004044726157910348,-0.33168983900670834,0.7542420644864262,2
587,0.5357290427053796,-0.51339455879701,0.18821092144166707,2
588,0.39399609852692985,-0.1353648420050359,0.5982605417455114,2
589,-0.1295115482971413,0.11424712156559111,0.5162894130251977,2
590,-0.33210653348136576,-0.7582793216988367,0.3249208581680031,2
591,-0.535549450056369,-0.3586169905720983,0.4157921236455488,2
592,0.6045597763518964,-0.3202298255158092,0.08716979485786677,2
593,0.4513143226371601,-0.2534878138808297,0.14387752934397952,2
594,0.7104062599898789,-0.3324670620274105,0.06606848599504091,2
595,-0.005929944950805078,-0.4099674015118069,0.2527957184975111,2
596,0.19552001349262918,-0.4775438215400749,0.7039371270874557,2
597,0.35640015060805685,-0.5042130374331167,0.6774225054752768,2
598,-0.3924086794238172,0.5159580896175713,0.15094945864810094,2
599,-0.569728223104141,0.34845162974580324,-0.020676765468362855,2
600,-0.1498260220284214,-0.5171112662550775,0.46085313069628636,2
601,0.485732317764717,-0.23929931397789134,0.2357483226968009,2
602,-0.2014003187364245,0.17029347962316024,-0.10817819733377217,2
603,0.0394297595240212,-0.7329451953561579,0.31509195293859943,2
604,0.5643417224989307,-0.03887961696036173,0.19385506076711428,2
605,0.7178874353606841,-0.30357609533113034,0.2286582658091059,2
606,-0.3342223440432984,0.04007423905685201,-0.20587617869951766,2
607,0.378856558514781,-0.5116268720863941,0.33495926297833245,2
608,0.05724854762155043,-0.33109994223614797,0.5111381144022891,2
609,0.24894455262618273,-0.7373378544970601,0.37459962569956323,2
610,0.14028080098565468,-0.9318084612182518,0.09809444923584394,2
611,0.37474701038958014,-0.22400074487506802,0.4660579364615589,2
612,-0.5331822566182656,-0.41974103427881504,-0.01662339800856655,2
613,0.36545870917637363,-0.5535053578747047,0.17263849506313553,2
614,-0.29907893111414713,0.23558707861146272,0.3152007416131871,2
615,-0.015324564077996174,-0.544645258735801,0.14370280394069532,2
616,-0.06750110269315582,-0.8157131000222568,0.1496632067677675,2
617,0.44526499911716927,-0.10871133500571661,0.3508712593594435,2
618,0.09677610955591678,-0.3700579270514444,0.6825540026305567,2
619,0.09752175339181697,0.08704829039313874,0.39864090515010403,2
620,0.3896606461377319,0.4978442545464669,0.0750702742932544,2
621,-0.24458952799672562,-0.5016504378473141,0.1859632249842325,2
622,0.12867674679721347,-0.4239817813438063,-0.07524932141527785,2
623,0.5027694566394101,-0.8387751017268452,0.5373396940864023,2
624,0.4751298572715744,-0.7298100410830387,0.36936120686273743,2
625,-0.05726834849451275,-0.8962674046136749,-0.01106790848075494,2
626,0.5472253981357146,0.20643944084863333,-0.002865171389894053,2
627,0.03486633041003236,-0.5841892257880184,-0.10005597465407697,2
628,0.10892588741329809,-0.3447275745112177,-0.1515019184913322,2
629,-0.08798959737857522,-0.26289077134510147,0.36189585093555743,2
630,0.44802055774312577,-0.2037115803570809,0.38673522235041874,2
631,-0.29431070772746903,-0.8222640557763974,-0.08981143329577229,2
632,0.7559357529234941,-0.2746124023908035,-0.024382792753125264,2
633,0.6959030457235496,-0.27483391961417236,-0.17203132389358708,2
634,0.24830563990027588,-0.7521574779809388,0.4412791431044819,2
635,0.5357385699604101,0.2169696977817846,0.1170147086256443,2
636,0.38388805848537416,-0.16075561223256699,-0.11957202175871233,2
637,0.4383214398190146,-0.25812009197010355,-0.15619026856198936,2
638,-0.47900447063884416,-0.1272332139724202,0.7670933800327897,2
639,-0.27234713655244125,0.02970967376726705,0.7166902564018149,2
640,0.05650573070324787,-0.5161090090964857,0.5973652875605402,2
641,0.48413671395827285,0.11537893275487913,-0.044741483985439125,2
642,-0.1447057202473234,-0.6536051606902442,0.4472876036097952,2
643,0.6676874783918382,-0.08419976459499892,-0.31426491749379987,2
644,0.5065799743200982,0.019205394134084338,-0.15952744671512634,2
645,0.4421853776588824,-0.9954336577036762,0.4861070962708836,2
646,0.35413080420677673,-0.8890914578124316,0.33500271675285614,2
647,-0.4827721327849901,-0.3685794902883019,0.03550486986437288,2
648,-0.1556709486257743,-0.7907752348965641,0.20460287794945523,2
649,-0.382071772509173,-0.42113869540725685,0.15366509752502294,2
650,-0.3094264264943743,-0.5592865712002533,0.24434606450289217,2
651,0.3723971267550131,-0.4844405296231188,0.4222926336402904,2
652,-0.48636098922278254,0.24866966695790746,0.085737047625497,2
653,-0.022070764311676747,-0.5601728316297386,0.13475894542098638,2
654,0.1409374320473576,-0.72803133769157,0.27229712659760236,2
655,-0.39443574135738474,0.2028954803853271,-0.02816485470276922,2
656,-0.46001731189047856,0.058659423211949585,0.30478560481116523,2
657,-0.28374363721956997,-0.02918083443552576,-0.15905918918029202,2
658,-0.028963376422293942,0.06931076098333695,0.1656608514155015,2
659,-0.16357691898452173,-0.03106131176188459,-0.0075748239970212655,2
660,-0.5518803257092051,-0.8863344069224148,0.2578546598124484,2
661,-0.6957248031464254,-0.7841432338976094,0.10559649985199066,2
662,-0.32504822007860024,-0.5797670996066878,0.22576735769700157,2
663,-0.5004532767690735,-0.5263599262848921,0.3955710395047052,2
664,-0.34689816229445086,0.00645509934908815,0.2732433657395147,2
665,-0.3378807266886142,-0.4107800312380173,-0.03674979240162276,2
666,0.11896551872019864,-0.2375754058735058,0.1535675041505816,2
667,0.15241382481483,-0.6681776566989808,0.3459166453415276,2
668,-0.038713881235820556,-0.37508759373653966,0.573171504525134,2
669,0.7153637885824902,0.05310750165065587,0.32707407738344824,2
670,0.4695661481093387,0.1118663078572391,0.3679786721917823,2
671,0.06956458686149207,0.37989239175575007,-0.10145011800987794,2
672,0.5357290427053796,-0.51339455879701,0.18821092144166707,2
673,-0.055755481577136744,-0.11783071735358645,0.6436862614122099,2
674,0.20236486061670883,-0.8568550622976427,0.20656677833037523,2
675,0.5474155461450599,0.0529935075604787,-0.18928890089522565,2
676,0.23481739890675057,-0.9657423103303129,0.08792749507607356,2
677,0.018816257794405905,0.18267963807374513,0.34968915226549896,2
678,0.05817965893170853,0.11744673246143787,0.7460705976106687,2
679,-0.18467614723419395,0.05760198231368685,0.8939471524921941,2
680,-0.38901857530791045,-0.3201564479153723,-0.023493346535129814,2
681,-0.09450099401897304,0.7509333607987528,0.4168637846691199,2
682,-0.24377563067088576,0.6079729811711954,0.28021983307191795,2
683,0.27196190403494275,-0.804376715353912,-0.023973776527694085,2
684,-0.2776079859785088,-0.6849675971869926,0.44822319128203963,2
685,-0.21356218577300037,0.3146195549295123,0.2332619544787269,2
686,-0.2664001021109009,-0.7283203068872055,0.49465478588512124,2
687,0.49446496075146007,-0.05286732852614157,-0.013235747610415767,2
688,-0.06400343638881248,-0.648867410926213,0.16268212484964809,2
689,-0.3391826752279325,-0.4145783630304165,0.3755514314129945,2
690,0.63271539113901,0.019806147634502384,0.09505496991415281,2
691,0.05088158228067367,-0.47728252223313417,0.36166525660662696,2
692,-0.4027082151844355,0.21007181231545716,0.3002042811131152,2
693,-0.3737107767598419,-0.8622918649823362,0.05374345177027524,2
694,0.03358161531386619,-0.3646397808178383,0.11054051918286656,2
695,0.01398471671063793,-0.12920069649203914,0.27469925067165435,2
696,-0.362061577751513,-1.0211961256303728,0.1187446968642177,2
697,-0.24104241038139418,-0.8351168652965169,0.1815738153727701,2
698,0.2625471704853969,-0.8057089979471468,-0.005821165792940324,2
699,0.06611164079193015,-1.0032158701913878,-0.05396825422622514,2
700,-0.45438630281334325,-0.568465772603272,-0.024659591344348582,2
701,-0.009158268836127933,-0.8356163076010656,0.1647996134109075,2
702,0.23231566986014973,-0.17349635317450443,0.38863758483799016,2
703,0.4986210423383426,-0.12917944971077644,0.21779872187060806,2
704,0.1548295511568972,-0.6395857589719293,0.46364771543476857,2
705,-0.48527967441286485,-0.08893460959768158,-0.03448662379269898,2
706,0.1753335664288562,0.2250122808821254,0.3669273999356658,2
707,-0.1951379604451221,0.1404850191669646,-0.25257333874643184,2
708,-0.25828754984113333,0.053206557464623,0.41729563903696687,2
709,0.48111824336119063,-0.11265286044672737,0.100150291806578,2
710,0.44460789878901114,-0.6456380610884225,-0.14582244821296458,2
711,0.16005422623563365,0.04997415020219101,-0.15754982395107422,2
712,0.39801922599254463,-0.11123288254468092,0.05614217131650985,2
713,0.6358432495384547,-0.21242341815783766,0.04511724867760569,2
714,0.43887602389107366,0.29864274019190473,-0.061660295156026716,2
715,-0.26078194197215365,0.0052194295782273395,0.48798813982194567,2
716,-0.109136920642536,-0.940001611015113,0.07696400292970161,2
717,-0.3192548319924899,-0.4551224184870888,-0.5799519251723129,2
718,-0.5141723248760881,-0.5444829621702026,-0.6587384394017808,2
719,-0.46245540455696277,-0.7879607615263665,-0.4912815535150361,2
720,-0.4174092100581812,0.5765755179859987,0.06323699970915414,2
721,-0.42137277213117835,0.43934244086663565,-0.004124116333666576,2
722,0.12882022667069534,-0.7626679245268834,0.10698022351204789,2
723,0.359918580228647,-0.4310967672275115,0.6602297570178335,2
724,0.018377422268030623,-0.48576117006037817,0.08990394320422403,2
725,-0.1811440560813637,-0.4488537074650796,0.474968115682262,2
726,0.26941565272895013,-0.22814707596467743,-0.07286028449727867,2
727,0.29355522856070654,-0.4350908254125548,-0.1258006031533752,2
728,-0.1205330908203437,-0.4585793080446039,0.36606582068208515,2
729,0.5515636833422319,-0.24355314007784257,-0.10247053727822109,2
730,-0.48323983111303725,-0.4676455672416264,-0.08990182629810622,2
731,0.38905016967861594,-0.07599096966633573,0.3781650103363476,2
732,-0.13619995227562234,-0.38495502831228756,0.4339080455981879,2
733,-0.06266913721791892,-0.3139918775614683,-0.35790738751186074,2
734,0.03297383459067545,-0.4185481383611603,-0.14489383918694482,2
735,-0.597899364719337,0.13704101374741473,0.09437468989422924,2
736,-0.16875956383700375,-0.5366265873417831,0.38876474531691607,2
737,0.4380801146655748,0.541574913736098,0.26886619270175516,2
738,0.41628390958162487,0.5438570992154793,0.6853049611303159,2
739,0.31791548619056764,0.3171133916076052,0.6483569986403028,2
740,0.3557275217795948,0.3211339180853883,0.9021646246077905,2
741,-0.39443574135738474,0.2028954803853271,-0.02816485470276922,2
742,-0.6605732151940588,-0.15198639582511964,-0.004069556688007063,2
743,0.5337485228383055,-0.010439083850936457,0.11351630967976825,2
744,-0.5348257367907077,-0.19242639017276772,-0.12364801915870818,2
745,-0.1795918104496099,-0.6644438030499649,0.6214952334462466,2
746,-0.2021610947872312,0.22353634846617862,0.2880327015688422,2
747,-0.0047779259913018155,-0.4773539040684122,-0.563341227653754,2
748,0.08935213744102109,-0.7206859429690865,-0.7086060550375396,2
749,0.17339381493361591,-0.9705806458361078,-0.6098077553800423,2
750,0.30946670390274417,0.4404722051971877,-0.01164899339135522,2
751,-0.2527626542912804,-0.6945081421982773,0.3837399423623338,2
752,-0.5087686771593564,0.4131748720104519,0.16364710135985022,2
753,-0.09875193261551864,-0.8654993522657926,0.2565102038068519,2
754,0.49651824376306425,-0.7190727772549654,0.13006969573519597,2
755,0.019413460063842293,-0.40727493708870954,0.5584220300807762,2
756,-0.006289108482351644,-0.35785135528824674,0.6255373729036224,2
757,-0.13345398932029673,-0.6515736419129297,0.45783972565641434,2
758,0.30040883462757917,-0.44112221220200587,0.4806034862948317,2
759,0.31974251109665347,-0.3200014373019082,0.2884935925100819,2
760,-0.24362228813633577,-0.6266694931441538,0.06712366018950872,2
761,-0.3183154851024752,0.39183194952008604,0.43849688782543456,2
762,0.5205709483579422,-0.431921465465623,0.4030753185158882,2
763,-0.29879585096244354,0.24117603614829328,0.13046667895155015,2
764,0.5276554131617593,0.31226019715799797,0.20065523256442483,2
765,-0.3179658466974869,0.4072145736907252,0.5706450918182545,2
766,-0.657334080833499,-0.40335034166354755,0.22176482056432414,2
767,0.6120803891024986,-0.3120342118804867,0.413108965417326,2
768,-0.20337101541661665,-0.8449302390658889,-0.1090526591452153,2
769,-0.17809940102287225,-0.6285781927386801,0.03547827081462164,2
770,-0.11429550870256251,0.09929346311491771,0.165882760727558,2
771,-0.2524040418556875,-0.10900538201170909,0.2517371319755039,2
772,0.11850327773335258,-0.5048373124132216,0.5848601691917279,2
773,0.5558138001102556,-0.32996171654402445,0.33244802888634445,2
774,-0.011438482137732247,-0.0003437784958537367,0.44241930765654436,2
775,0.17260247249545524,0.4702386141277154,0.2683373064788783,2
776,-0.30190441956505326,-0.21595888916760628,-0.3817814859112165,2
777,0.613173381755335,-0.2564652191042692,0.3166732903626855,2
778,0.4947114996871165,-0.025942326763048355,0.5016341445768657,2
779,0.0073037270643604105,0.3805583172891817,-0.16204825772330894,2
780,-0.05367085925193929,0.30483298793368213,0.19300819353653326,2
781,-0.21509507063466696,-0.6578009761666446,-0.012299915434797169,2
782,0.06953569951395557,-0.6397352754755165,0.15820895130568746,2
783,0.09441136917312365,-0.9564414545575181,0.4923779834458322,2
784,0.15181231699162862,-0.8556281388345639,0.4458302392056959,2
785,0.5897713884276017,0.16664808252137664,0.19156395999595416,2
786,0.4530292048897922,-0.35504945362299944,0.6265516255425035,2
787,-0.3171936675705077,0.26044668700459017,-0.1892716093230448,2
788,0.12472764969201934,-0.7456470957861835,0.13368026436113264,2
789,-0.19439057912169072,-0.35129683211797674,0.3325833244416949,2
790,-0.31317456011754036,-0.5157215433663245,0.2728954669743319,2
791,0.49035407312816726,-0.41525810846508604,0.3062954274557639,2
792,-0.4773381539851306,-0.8594388779897159,-0.09148429537434896,2
793,-0.5719833277008248,-0.757527099360566,0.0026545154755358603,2
794,-0.4156107669246872,-0.46977932574918796,-0.06330274357889727,2
795,-0.495982330728559,-0.2240326228277782,0.04083057800488595,2
796,-0.21828866556884,-0.03770605987040498,0.6475561483544711,2
797,-0.4968538533929094,-0.03525553227670743,0.3088917419102756,2
798,0.04452711362553488,-0.1460828876034013,0.6015229959961887,2
799,-0.05057665438863687,-0.4127948060027051,0.361580339875142,2
800,-0.03788124482147,-0.24691128970961432,0.5660489577547982,2
801,0.11121296309684661,0.16568124911765725,0.6413240542776129,2
802,0.062495229790645125,0.4087241953527766,0.665812688383112,2
803,-0.30400748121781107,-0.8952861120687484,-0.1098200674971431,2
804,-0.6380217595790753,-0.3096147572124336,-0.08682927395692755,2
805,0.4384083354627833,0.38489331838097607,0.06377646036556467,2
806,0.5482805733413871,0.5358971162437018,0.10649516764586696,2
807,-0.45937968153069253,-0.026958716781705222,0.07645789926712326,2
808,-0.026714393875202466,-0.4334092407795137,0.5525207806140658,2
809,0.73150155226569,0.3591550836013452,0.31885313538330906,2
810,0.7055403838537141,0.08066166050995087,0.23980339911613546,2
811,-0.5454970114486885,-0.5276452858000861,0.11376301930525967,2
812,0.07288727610364082,-0.5010824066768071,-0.04947093298953575,2
813,-0.5697782062184158,-0.17854744891790614,0.14107166458591405,2
814,0.29897156737760455,0.2833479856867545,0.4600695700132907,2
815,0.38580730985127,0.11594362534461825,-0.25294121192825086,2
816,0.24818909511747758,-0.22447722689942834,0.475087362043672,2
817,-0.0723027872211128,-0.03636763240730127,0.13691146144202765,2
818,-0.22582121417191578,-0.13637715168587314,0.09892111716590411,2
819,-0.07083589784085734,-0.5854309177823547,0.4154852810689146,2
820,0.01263250171800137,0.0851606015734751,0.6465891265938286,2
821,-0.134605954019931,-0.7245338681672735,0.4063129494876956,2
822,0.14760586966484254,-0.05956654093542032,0.7649356764236621,2
823,-0.0508083361550479,0.4110128643568583,0.3188699822441719,2
824,-0.24537175745829454,0.2940199543275256,0.36913374362608303,2
825,-0.41587357896240035,-0.4748992250699348,0.2468877251426884,2
826,0.4347849018640101,0.2988701284790122,-0.05865332797151335,2
827,0.5393579590751004,-0.053739497103554475,0.3286572462681323,2
828,0.2519718152133878,-0.6309256316150671,0.37503103545639654,2
829,0.22679282824106997,-0.3786492549571296,0.4033435424278673,2
830,-0.5701242416095889,-0.051516038035403756,0.16586647400088617,2
831,0.02282052832367864,0.29379658113718626,0.6775620369621915,2
832,-0.1285478955401341,0.3315501178420841,0.607379148285509,2
833,-0.12251894907948734,-0.0374659271898665,0.5946684913944547,2
834,-0.1625840425359863,-0.23869893835079906,0.6046038315739107,2
835,0.24319227789930375,0.31422232900624764,-0.19871224438094864,2
836,0.61491855199446,-0.04379171196754713,-0.08820826533637458,2
837,0.01447025811155532,-0.7501445002809585,-0.07039244081741193,2
838,-0.38624653035206713,0.5326537842177718,-0.12729464350935085,2
839,-0.058699656919905537,0.3267554747897806,0.4678604365246993,2
840,-0.01675814637232941,-0.4430867077340408,0.7223359010088147,2
841,-0.6675959386943363,-0.1415081548926059,-0.03199118846716443,2
842,0.36714881058574605,-0.4062601060898268,0.27309641996625095,2
843,-0.45139916236804856,-0.15208861043165367,0.3933522423812029,2
844,-0.10646078884378128,-0.31913382890683184,0.2474440259707393,2
845,0.2846407469434337,-0.28905063790978736,0.19937462679939585,2
846,0.28200380777032463,-0.5094656740980749,0.3370289284085561,2
847,0.3847565296878868,0.3132779566837852,0.1267340484687649,2
848,0.3229014933529393,0.10219641688442321,0.26396112989798204,2
849,-0.12317111751450334,-0.4748917921535322,0.4926437593632961,2
850,-0.26492797490786285,-0.31263969001727065,-0.3400956490821805,2
851,-0.5054403652835199,-0.12372906717772186,-0.2801409803484929,2
852,0.15034053408413572,-0.3497438723977879,0.1916193655094566,2
853,0.6129626321636688,-0.2708469724831247,0.15890739498752254,2
854,-0.039652576311773984,-0.4565919821243504,0.1359360344664416,2
855,0.12448529049607875,-0.11476299873325893,0.9453108982498682,2
856,0.2671512054252459,0.09195356778623129,0.8379252730978554,2
857,0.4529431941045449,0.12678227957991603,-0.04857803068151152,2
858,-0.2764124377610882,-0.4355330808882792,0.07625464464862378,2
859,-0.1338100167101091,-0.24131371108388652,0.14066716618967995,2
860,0.5685307084204508,-0.3625507501407009,0.23920638603370714,2
861,-0.2743166850170891,0.1534116605392297,0.2546700428935371,2
862,0.11284698456633693,-0.5653384463790407,0.2646892989694228,2
863,0.8682638012076658,-0.5044202977121907,0.23093726704165396,2
864,0.6726157607411717,-0.6748002204932207,0.28506715638471053,2
865,0.4757303379287496,0.03482666588030879,0.42769904107489515,2
866,-0.6218587197137664,-0.4138986878416482,0.2226022398624546,2
867,-0.023368638018497586,0.32391907543851534,-0.45284626704754155,2
868,-0.19206690639110352,0.32952412032354084,-0.65839105119408,2
869,0.30996809002733333,0.143176555653033,-0.037800346908513034,2
870,0.1656166944077305,-0.07948842989848855,0.028033887907514383,2
871,0.13445054160845937,-0.7736141003061024,-0.4957852798036893,2
872,0.16540293494130345,-0.7057150560083273,-0.31665690613751396,2
873,0.24320434443472705,-0.5031210058174995,-0.31284959181201927,2
874,0.7532236709236549,0.21972999217419764,0.2309664250473792,2
875,0.7933012087274546,0.3029281546679428,0.022661124128377178,2
876,0.4802439121831664,-0.04306394037216572,0.2715125066126075,2
877,-0.2999203636335035,-0.7958448756901738,0.231706328060536,2
878,-0.363788348947721,-0.009019621242276333,0.614356546280119,2
879,0.3700918121635086,-0.06117874851290701,-0.16826137553007514,2
880,-0.03510842963507985,-0.46358238677956703,-0.07142291476041457,2
881,-0.14942901796043861,-0.40437906391240597,0.0007319079553982716,2
882,0.3784814301776144,-0.4047622563544481,0.48433102076394,2
883,-0.5862411139519625,-0.5230104606696313,0.3002381503334208,2
884,0.5185176283680772,-0.5254040126671181,0.3282630952386969,2
885,-0.3622637191200858,-0.299678253305573,-0.5005855245727188,2
886,-0.36894889738057285,-0.39721588515017575,-0.32564512291018444,2
887,-0.4533290587531214,0.06363614814990395,0.04153629037395603,2
888,0.15170439352443027,-0.26005181224905355,0.5177916928486086,2
889,0.17788335640403846,-0.10545047528422198,0.15071429630284652,2
890,0.0068723296881758895,-0.2896581206319291,0.07114456681690834,2
891,0.2906843785515149,-1.1177562665513474,0.0871370753466082,2
892,-0.18548009607637114,-0.39814413374015345,-0.25858110776080373,2
893,-0.40993129527555955,-0.31061883647536265,-0.2834051795946215,2
894,0.014742327982428442,-0.689255919021858,0.5963160502517633,2
895,0.3745901518703069,-0.3081829840342613,0.06678569892562135,2
896,-0.04237631751295565,-0.773247360942601,0.24451317747703855,2
897,-0.2490988900080056,-0.5775835007211296,0.3393684688260425,2
898,-0.008548164416114046,-0.7472771104641635,0.31351009240620104,2
899,0.6014923890153552,0.12779032127518167,0.12797218734217233,2
900,-0.7813731311669577,-0.507784566882065,-0.02683430973073717,2
901,-0.7632973376315754,-0.2932149687262136,0.005762543079558962,2
902,-0.22904092418330096,-0.6867879747046138,0.0738573683288097,2
903,0.1466974031308223,0.22640709956807226,0.6928767065020225,2
904,0.09928785921665122,0.21736561226429058,0.9490149866762868,2
905,-0.5783887796185547,-0.30853602331087787,0.23742001554231984,2
906,0.06567061097954678,-0.6222906559620044,0.5836008133240063,2
907,0.744638030652745,-0.5260439287207546,-0.006961638683848622,2
908,0.7867358951375407,-0.6019212828687176,0.2220533436620972,2
909,-0.02061604800729331,-0.8085522465209977,0.07586249509012954,2
910,0.20003369028243104,0.6883115620487542,0.2785827106328667,2
911,0.1932923019902085,0.6148389541123055,0.41150308668541236,2
912,0.002231686720088972,0.07302648873266172,0.6689381870963717,2
913,-0.3150394480153064,0.2843697533584344,-0.2860010728384411,2
914,0.059038878746202825,-0.709071694730668,-0.11584487312597874,2
915,0.37137133099060127,0.1680278240683236,-0.1429174268748716,2
916,-0.4060457136929164,-0.14008574895233655,0.046598213230976744,2
917,-0.05592382724435777,-0.506208075132211,-0.24431129498783027,2
918,0.08354273647453767,-0.669006663687846,-0.2738366558063885,2
919,-0.09087812509094396,-0.21340358883944371,0.5033182428956162,2
920,-0.40043563691576345,-0.32933076185348154,-0.06712543064121128,2
921,-0.2639984862013091,0.5115417520517472,0.29716237748001434,2
922,0.4848636096929369,-0.2516555511729415,-0.12143556778254307,2
923,0.02399582744129674,-0.05100435632217645,0.12410722675923164,2
924,-0.2266143113937574,-0.003245386957242493,0.08159654571971522,2
925,-0.33484760917905754,0.2148880162931596,0.0063737189570028585,2
926,-0.18597128426774806,-0.30571478989184014,0.740607270119398,2
927,-0.3127776732161912,-0.41916267540889396,0.6187445105747856,2
928,0.37250831959540426,-0.001757993819631163,0.2675052584119096,2
929,0.07527031012961266,0.7615711229819798,-0.11118986080849425,2
930,0.02410523210143158,0.6603563143906963,-0.2598702615657431,2
931,0.2599493225650157,0.2954021269085011,0.277555507807774,2
932,0.19406010239952748,-0.1259283580256247,0.7243406792230944,2
933,0.0483039845378685,-0.1743690460068399,0.8673632382739452,2
934,-0.14996037761584144,-0.5740679532539109,-0.3319030941832227,2
935,-0.0754260937536311,-0.6816162200235695,-0.22420788750442702,2
936,0.4333640939174933,0.23941338799050402,0.47609670139143434,2
937,0.2729372276225253,0.4331971362154281,0.4502155102662415,2
938,-0.2639984862013091,0.5115417520517472,0.29716237748001434,2
939,0.5691725366848734,-0.5128601577862352,0.1677960393999322,2
940,0.5691725366848734,-0.5128601577862352,0.1677960393999322,2
941,-0.10623192604746022,-0.3128077522528322,0.5254861760187609,2
942,0.22977119984361485,-0.07798512081671484,0.6520930464574103,2
943,0.24089069932406978,-0.03263553397293661,0.5162839174240337,2
944,-0.412241340191471,-0.1288521371159222,-0.18644855286908849,2
945,-0.05958112600453126,0.020189201459994147,-0.5527631147140326,2
946,0.09259232264688026,0.10430614446876683,-0.456997221148467,2
947,-0.4378792739369024,-0.41793195937311034,0.5533071015756454,2
948,-0.247925456779792,0.1417460389476186,-0.2666230500501124,2
949,-0.378670200371694,-0.09982408844807673,0.15845718814667165,2
950,0.14825213557835581,-0.6353745682464729,0.10441814672845874,2
951,0.2760988697922174,-0.7962774370567919,0.06253313846472079,2
952,-0.5417761152364626,-0.11539202380097005,0.25903049955407526,2
953,-0.30290896457704963,-0.6296660224605444,0.643700883974458,2
954,0.10429371278672249,-0.1315273755501376,0.3645870365173539,2
955,-0.5154190184909039,-0.5920541282441956,-0.08367450848066534,2
956,-0.5451326247134265,-0.6389574560494217,-0.14567604577049947,2
957,-0.1646308559811445,-0.7459456293082061,0.6729325303732661,2
958,-0.31041358767217314,-0.8087381561761685,0.48334983993483566,2
959,0.4467473122767863,-0.33160691656505337,0.19263720897655812,2
960,-0.5549908261792663,-0.4331652389216337,0.11952540645110814,2
961,0.4881224842237593,-0.3024815134102337,0.5333228004249013,2
962,-0.24833675080941717,-0.21275767673722018,0.18934612637069445,2
963,-0.39906636695570064,-0.16637003005140288,0.2732808793593522,2
964,-0.13611139276388795,-0.18219266248057187,0.7450326778994442,2
965,-0.25768662367067247,-0.2186901225127547,0.6695658029842185,2
966,0.07208487727976332,-0.3087009642068583,0.526714985271085,2
967,-0.24565674437473958,-0.3114793440196246,0.5058697171454863,2
968,0.6609836090390856,-0.6912063623118316,0.07351610715324594,2
969,0.38915445027502904,-0.6657581998844507,-0.03189804383112202,2
970,-0.40383998373667424,0.00626544116034356,0.20127997250434293,2
971,-0.19655201914106088,-0.5275530287133644,0.24147837456497873,2
972,0.5097426248153847,-0.5390361231626425,-0.35386583136241506,2
973,0.4147307734740818,-0.28539302485178775,-0.3565552276941353,2
974,-0.3799707315071435,0.12261211302192351,0.14373140708960885,2
975,0.16304870479758385,0.49888423146012445,-0.025293942452323148,2
976,0.44193268035557687,-0.3398383259651688,-0.10470637914121574,2
977,-0.12183262326748966,-0.3310858945227724,0.2512739053322406,2
978,-0.13026127016375735,-0.757336132368607,0.16530025939532808,2
979,-0.6051866783923172,-0.16779337660413315,0.41103411795762673,2
980,-0.5934961287497869,-0.3596722574980665,0.29841760388735267,2
981,0.5198931473319665,-0.6043799043153064,0.3727429979378725,2
982,0.48098059198426746,-0.27208535059208167,0.18028020926499122,2
983,0.03397185511954809,-0.7531857443421416,-0.036519156128016345,2
984,0.1614106157067215,-0.40651326622333567,0.504386583087552,2
985,0.14672218429758074,-0.25985362736396883,0.4996543427497696,2
986,0.07270052786041069,-0.19892821291186308,0.43088913772909043,2
987,-0.10719978291709087,-0.8191269554131955,-0.14960240714064518,2
988,0.036844109490624645,-0.6796858688917553,0.6206199022411351,2
989,-0.2654881329707022,-0.6638153014298822,0.28695521711630245,2
990,-0.21720688474881153,0.29425766798554526,-0.16908287993151236,2
991,-0.09316821036387342,0.328555974363481,-0.13311198043426614,2
992,0.7435019549680636,-0.38403054929680785,-0.2984566008996784,2
993,0.7319026096932928,-0.23667951761131129,-0.08423380233437865,2
994,-0.5359366932034428,-0.4210549679140317,-0.01898752518450532,2
995,0.6401329425364536,-0.3415904013892374,0.16105418690923723,2
996,-0.12419366491591292,-0.7500369628053841,0.022667749008843097,2
997,0.2317519756380135,-1.225642741411309,-0.08957029259057672,2
998,0.12635770809577296,-1.2556621184752925,-0.33473139114537553,2
999,0.20936034758956507,-0.9635112045586893,-0.23945324287023706,2
1000,0.2837360751283215,-0.4591635615586092,0.04411967777270885,2
1001,0.035489657251065024,-0.5967767643355374,0.21058081384289756,2
1002,0.1554488699158869,-0.5203529999301193,0.9385918303095964,2
1003,0.2973215960637177,-0.541919726708118,0.6211454764109683,2
1004,0.6219931088287288,-0.15239821505503814,0.0929786390270311,2
1005,-0.05188850175265943,-0.11739752798547146,0.5356096947896392,2
1006,0.32198709517354646,-0.01995735501382454,-0.10198085375040716,2
1007,-0.5638513145480293,0.22786326392060566,0.18416401200910507,2
1008,0.5367829269192358,-0.5397492793064179,0.18763495790940596,2
1009,0.08863319033373088,-0.30621051065157984,0.8561811046113588,2
1010,-0.027612288986271372,-0.07069601267121975,1.0225842378376666,2
1011,0.12913405974845335,-0.12749565529236928,0.6961683178625291,2
1012,0.2801684334732351,-0.5048290037994523,0.3640867854744125,2
1013,-0.4880361840754485,-0.491728530099248,0.5319788764450235,2
1014,0.1287484747668693,0.02621392094862536,0.5741864321697725,2
1015,-0.3979832291299364,0.09501223098853841,-0.24368017203881384,2
1016,0.05323667632325939,-0.7664066656402441,0.7853942975597513,2
1017,0.1506547296020501,-0.7254375780016609,0.6736075746924763,2
1018,0.12989235674984437,-0.36055462846078057,0.315011226023267,2
1019,-0.09755992796155667,0.14475220758355584,0.7747979519512558,2
1020,0.08642002458843678,0.00496886040105978,0.9328520905485636,2
1021,0.01892244384546113,0.4199801633817612,0.010535945034939157,2
1022,-0.05950508341495833,-0.3861431750142506,0.18266433824291722,2
1023,-0.13638026989227,-0.5813164966878382,0.6482988207639987,2
1024,-0.4894237378109022,-0.39765627253635855,0.40970431692565246,2
1025,0.024666645411074075,-0.633506080793062,-0.34132606855202907,2
1026,0.12616010224067067,-0.5907286307043904,-0.18878883516336387,2
1027,0.31456615365779594,-0.6882765903529301,0.39952261557111424,2
1028,-0.08189205911432736,-0.6659730874893367,-0.083623653092918,2
1029,-0.41683542115525696,0.24232987015086108,-0.019150292692097948,2
1030,-0.5607408245006151,-0.43356168817019425,0.374930469313616,2
1031,0.4377881415875679,-0.5836856131318247,0.26483641958664944,2
1032,0.6259443158061857,-0.1282984788396576,-0.1437736721795519,2
1033,0.5727084074836751,-0.10121293859354535,0.4723562772683559,2
1034,0.012269044855231755,-0.2820936208624596,0.5483067012290369,2
1035,-0.3869750939411552,-0.841907703281464,0.3207386543411356,2
1036,-0.48038220837687,-0.42263986797807,0.3283008774932472,2
1037,-0.7630672669635165,-0.4405771862844532,0.33062184685057594,2
1038,-0.7973324841311246,-0.43176183351885977,0.18172314176726176,2
1039,-0.04189607883704932,-0.6586151058529388,0.04134167442246428,2
1040,-0.08434150031619508,-0.5189065542023671,0.6718064450801096,2
1041,0.4876112341275941,-0.38777949958284585,-0.03202957362180725,2
1042,-0.22673451491100163,0.39373257442419024,-0.042626354950815876,2
1043,-0.39411369309883804,-0.3802338453614528,0.29689418172021476,2
1044,-0.14177776363244957,-0.4329372310679709,0.7484683148555292,2
1045,0.5317137683425088,-0.23443071331689988,0.5433775398117398,2
1046,-0.5493259689761668,-0.6178743218271631,0.24915065291581828,2
1047,-0.01634921994246685,-0.9466381214316614,0.07265597186912452,2
1048,0.15469152004486872,-0.012925641222858499,0.5828663239151475,2
1049,0.05248892251683837,-0.670447980622109,-0.11660967323435496,2
1050,-0.3379748040885968,0.40917552761769527,-0.12942576413241788,2
1051,0.03584989984844885,-0.22489504616423736,0.7660216041419997,2
1052,-0.06344612647996983,-0.07333239040326228,0.8723487753202852,2
1053,0.3321918996634432,0.4618634193268576,-0.1226720978717282,2
1054,-0.6792484287818714,-0.23055848879738725,-0.050700859472683546,2
1055,-0.41683542115525696,0.24232987015086108,-0.019150292692097948,2
1056,-0.5356020161682385,-0.2031153898154881,0.5460399543825578,2
1057,-0.6616405064821288,-0.22617259030044298,0.7918270845198826,2
1058,-0.08121537697579762,-0.16138523846049233,0.6100430113776397,2
1059,-0.27359680984988344,-0.5844621903164469,0.5813742881400044,2
1060,-0.2951518771249961,-0.11413251773202197,-0.09075401737840365,2
1061,-0.30280995681827066,-0.2426332138147006,-0.061072609514656616,2
1062,0.5761139698027022,-0.596936654525597,0.7117939696131393,2
1063,0.4389474824974113,-0.553362749124271,0.6806670786857063,2
1064,0.4429024704133394,-0.6466674609504123,-0.14979765592019,2
1065,-0.23359896001462577,0.08849736437235971,0.5505653052623161,2
1066,-0.11107154537630196,0.017404066874624865,0.0849731417336786,2
1067,-0.1385802273319354,0.2426740709951178,0.09086919116646185,2
1068,0.49436817703112007,-0.35270012498796494,-0.14359177560577138,2
1069,0.16865771561560364,-0.8547350856506788,0.0848870898147872,2
1070,0.58201933840625,-0.5599314862603939,0.09782910715163326,2
1071,-0.05475233801293726,0.5623327874323191,-0.1656918660384894,2
1072,-0.7060010328473816,-0.43703802833746846,-0.10204058753506103,2
1073,-0.5748181722261407,-0.5329250306231338,0.023844784897687658,2
1074,0.5811665528711316,-0.3533427023856068,0.030264760187555487,2
1075,-0.4553922010121662,0.40475756542910224,0.10139308437819694,2
1076,-0.44930835791179574,-0.01070826716055372,0.08582378439076391,2
1077,0.3484931193477772,0.10055479883902264,0.05306964679039711,2
1078,0.12427210092396826,0.06489495206070035,0.1420342589654336,2
1079,0.374580506756058,-0.17476165554961648,-0.3238425832408832,2
1080,-0.45819631029397934,-0.20702233395843328,0.35721071666496873,2
1081,-0.41031267687537526,-0.6343965571558519,-0.01940015109460856,2
1082,-0.134605954019931,-0.7245338681672735,0.4063129494876956,2
1083,0.3288363304083278,-0.888722627778959,-0.05211049395111559,2
1084,0.23806331549521817,0.3737015535920482,0.3821884716469992,2
1085,-0.03668963950074757,-0.6368020585658903,0.32677293379212474,2
1086,-0.7273138104313184,-0.40201340311986383,-0.017598346673542507,2
1087,-0.8627066951798633,-0.3225285048617367,-0.07624661930232328,2
1088,-0.46362470961929686,-0.9199832093636146,0.3788100652475848,2
1089,-0.45951061731848464,-0.7305136239541479,0.6190286163450629,2
1090,0.7307079630621601,0.10152911420628481,-0.02202736148164109,2
1091,0.7138066523309782,-0.05079753705428692,-0.03391879635605833,2
1092,0.16289137473564527,-0.8407240372604206,0.051802503349977734,2
1093,-0.4065133800147818,-0.19625275342887863,0.03572650339894414,2
1094,0.5138762928673916,-0.3124473304355079,0.15007512262089062,2
1095,-0.4222443059438715,-0.31789967815368025,0.07142197696020974,2
1096,0.5578702692792445,-0.47253194581909863,0.7567876811999572,2
1097,0.4544417295539845,-0.5578164089973493,0.6029148744380874,2
1098,0.33449820494791044,0.28299792262733603,0.028792303416564562,2
1099,0.3421370673392949,-0.6102431262237173,0.23090066901516246,2
1100,0.4796177895702678,-0.7032052271813243,-0.010335548981645118,2
1101,-0.08621407576632521,-1.155104938901008,0.19273648871031349,2
1102,-0.01983588044057406,-1.0540933597946003,0.38446542836770153,2
1103,0.44934373817881096,0.5380517640227721,0.0894391591119072,2
1104,0.32688854075761664,-0.04700741784855711,0.22690261863149946,2
1105,0.032049217412996225,-0.12972161285218806,0.6691044769247748,2
1106,0.6272203265842324,-0.6248426703408989,0.4209928159671601,2
1107,0.3876706320921061,-0.6181128582957216,0.37179942138530614,2
1108,0.30974417694223405,0.059075787536431765,0.23574158455347907,2
1109,0.28709305343425573,0.15137714135348943,0.17864000344471417,2
1110,-0.061284286480097525,-0.3998500157101481,0.7304882186719994,2
1111,-0.1980437365810147,-0.5354485233283722,0.6074925401141817,2
1112,-0.5334473815111506,-0.23071322876201175,0.30179280294795097,2
1113,0.24319227789930375,0.31422232900624764,-0.19871224438094864,2
1114,-0.41116858819440444,-0.23603658300267746,0.24753548877930673,2
1115,0.7267928802588575,-0.1354375500175697,-0.20460837626574618,2
1116,0.8453900779391553,-0.3442357610282379,-0.13718949607001032,2
1117,0.5514539961867729,-0.5038286098070497,-0.010063473727431925,2
1118,-0.6089224879458195,-0.7881522783934904,0.571038070575617,2
1119,-0.40095260195102833,-0.8994615690160191,0.6227494243400672,2
1120,-0.4658259849025183,0.2124269798213479,0.16627092546317374,2
1121,-0.3815625151024496,0.07334824157882494,-0.024947467727462046,2
1122,0.6106690444258792,-0.9801217685397537,0.1627518017991696,2
1123,0.6917130646507528,-0.8834668637333448,-0.14464672558928532,2
1124,-0.2022263474617073,-0.01443011046771314,0.3498592271992522,2
1125,-0.016578316510539797,-0.6992552007251843,0.5819937734919398,2
1126,-0.14547310713579942,-0.7377578497388142,0.5152844984546986,2
1127,-0.14507857256451345,-0.6988469458230977,0.28164650418921605,2
1128,-0.3255021177008645,-0.8892320017635392,5.133078551534301e-05,2
1129,0.2392037438307118,-0.18879995379995337,0.387922028369004,2
1130,0.7529681082583684,0.11755581040055361,0.5235778375643797,2
1131,0.7894841285760079,-0.007027026060406709,0.30898706422048594,2
1132,0.04814714840619047,-0.4883871536681217,0.40185990624069495,2
1133,-0.2657554225761944,-0.5155811127573289,0.1222936433611521,2
1134,-0.5428988683951861,-0.5185389706945579,0.37106965028773387,2
1135,0.3516891489023778,0.004599863822566801,0.012977530421709084,2
1136,-0.0558679658441667,-0.7267599297263198,0.46366274860441387,2
1137,0.43901085977072446,-0.43140023981710884,0.7069228605504891,2
1138,0.6255282943928742,-0.44000919582233494,0.6874177905416005,2
1139,0.4696784585859225,-0.09346896470228012,-0.1309241701442568,2
1140,0.23934581740288327,0.10404910377430535,0.37084630883247627,2
1141,-0.20371783530082205,-0.17397518660680528,0.6783439283187078,2
1142,0.4381087714132927,-0.28459432447428723,-0.1517262645520765,2
1143,0.1391551509739847,-0.23422204336513452,0.31844414447188474,2
1144,0.3544614084534474,-0.1586525301384116,0.29137369130731716,2
1145,-0.2777840161349662,-0.21451162532323165,-0.3166498918127306,2
1146,0.5026631441956141,0.2582025811060298,0.2880158887859759,2
1147,0.4128968123572228,0.4607048937025437,0.34245108595093315,2
1148,0.2671650885506749,-0.9133598622299333,0.5150232633799099,2
1149,0.2441300524413903,-0.9949792705165701,0.5556421043297793,2
1150,-0.12399684896257844,0.3539407785204456,0.16799216656441449,2
1151,0.5523769552668474,-0.17703952727006747,0.08380642583227058,2
1152,0.6337597511456686,-0.8107307503624085,0.22815638228184912,2
1153,0.8541668383456904,-0.7002968722940018,0.1480100312640664,2
1154,0.41007258410216146,0.37622615903161566,0.43623211487369723,2
1155,0.644018160057276,0.30978518578506614,0.2923251918527613,2
1156,0.5362656745643902,0.16232473376071696,0.14821686796121933,2
1157,0.5158226612123228,0.07382907794800157,0.028942469127176153,2
1158,0.45064235900640187,-0.17957878312837156,0.2689357470984576,2
1159,0.5007326007812894,0.15845517804405818,-0.0973934982005613,2
1160,-0.06797954251783563,0.4909275740803468,0.5012291566738468,2
1161,-0.001183806317829731,0.5473196740164648,0.6641139636355036,2
1162,-0.19705820410627745,0.10248054053915777,0.44958749436691514,2
1163,0.05306855383369041,-0.06837235806882416,-0.18496460600783046,2
1164,-0.05843723309396511,-0.22642099275904684,-0.3596346799949267,2
1165,-0.2749885170786098,-0.4222554533842461,-0.3559876346450411,2
1166,-0.05494179638014563,0.42800096099688456,-0.11934581518911251,2
1167,-0.06096116559477937,-0.49479151024007145,0.3094206558773153,2
1168,0.6533523418172297,0.19432869574121608,0.0323859527027878,2
1169,0.0018939292830120209,0.04824639758632318,0.053271059886523454,2
1170,0.04059804969100385,0.1093318589938204,0.21462713701656944,2
1171,0.20620599454526234,-0.49718157729101253,0.5372408436092723,2
1172,-0.04203707161906098,0.03534822677067182,0.39810817451076214,2
1173,0.16565328530939083,0.19376630473043052,0.5186793791667392,2
1174,-0.2900766990119227,0.6018482885843898,-0.16740139333727733,2
1175,-0.2820370751373578,0.49827812457545806,-0.26574628351328566,2
1176,0.05966840985532379,-0.3912805798923012,0.2031727741704806,2
1177,-0.2005640222785278,-0.3833214317301083,0.8141091113616178,2
1178,-0.08874631887811371,-0.5826243102531949,0.7425425111465394,2
1179,-0.06111502964269731,-0.6298470671921437,0.1721418917278306,2
1180,-0.10565659978401035,-0.3335832223461,0.5080243362729985,2
1181,0.105591137678383,-0.5575791209141102,0.5208122696981423,2
1182,-0.20397168376314598,-0.7744851528147026,0.31373507595241057,2
1183,0.06044282198543409,-0.23162922461344437,-0.2663634422854523,2
1184,0.2786730576641375,-0.22849410524098204,-0.19965200200491,2
1185,0.4468160906949159,-0.25285878418786,-0.025511344017073428,2
1186,0.1584956560091542,0.2307574719670086,0.4166454502496647,2
1187,0.05779854722754266,0.3604840018103699,0.22022221268207598,2
1188,0.2459201719178319,0.49848250414646106,0.3300842956667564,2
1189,0.007185194959185391,-0.6324754966506516,0.3563863590224888,2
1190,-0.22604571610803517,0.03142371292406922,0.6331592254415831,2
1191,-0.5103361053745551,-0.24307913845431775,0.18185006093499706,2
1192,0.0042291687594439445,-0.41530416078363297,0.5055287461769723,2
1193,0.16465226896211876,-0.6207748670773086,0.2192868078530081,2
1194,-0.6257267388242587,-0.1601741431347982,-0.19325100474021611,2
1195,-0.37598293510574093,-0.4369407504286416,0.014558981192711247,2
1196,-0.2921390718461432,-0.6669539196858288,0.10753695705080688,2
1197,-0.25119916205005777,-0.8051620477634116,0.06428408024853427,2
1198,-0.2028550981190834,-1.0464970508677698,-0.0016656251042465565,2
1199,-0.18192540891496503,-0.10865189724032993,0.18370554557684232,2
1200,0.17189326352909395,0.4458438097703341,-0.06435288245096064,2
1201,-0.40069120781299705,-1.138110961319718,0.4702482838271942,2
1202,-0.3142945734351101,-1.1591512692829646,0.28971630084653877,2
1203,-0.25895259259325276,-0.13602650950852962,0.6047924733908016,2
1204,-0.5333349892055711,-0.6877634904822921,0.1451697466671053,2
1205,-0.5626013137004087,-0.7492836026574461,0.4215080176413641,2
1206,-0.3888600367840917,-0.5839852503094631,0.7866231507006302,2
1207,-0.36339026641427996,-0.7210203414093143,0.5367203173160533,2
1208,0.6222121441522622,-0.20973777713935954,0.09137049698243199,2
1209,-0.10940461604672763,-0.15750501256535293,0.6431789689323427,2
1210,0.37376910558470783,-0.17505940298447756,-0.3255142286361264,2
1211,-0.22471713455712847,-0.503692346965748,-0.1591863505243744,2
1212,-0.4045092848531299,-0.30170062677855763,0.0736294385499261,2
1213,0.04046477027165121,-0.8193885092995373,0.3256473119718978,2
1214,0.048562566860964405,-0.1997014234238366,0.5878755545080292,2
1215,0.18771932535549363,-0.6590475617157303,0.5452213208989324,2
1216,-0.6845590870220324,-0.028710178333837717,0.2332372048107719,2
1217,-0.4930241464615571,0.012464353676219024,0.39163678934992996,2
1218,0.5745636188426957,-0.029303275355334203,0.6844923979061432,2
1219,0.6725197118616874,-0.2613548264776529,0.6612787224783594,2
1220,0.17994197621031782,-0.3871686326971545,0.6475643525600268,2
1221,0.224005688087112,-0.4764298803719372,0.8307761030852525,2
1222,-0.06894027476010267,-0.4409646510010909,0.6260187073285752,2
1223,-0.8375506168000424,-0.2813656727642908,0.24103852235058965,2
1224,-0.677501501354558,-0.3707587633503922,0.1296761637868882,2
1225,0.49651824376306425,-0.7190727772549654,0.13006969573519597,2
1226,0.5136227256390865,0.027183833403577683,0.5487393312421807,2
1227,-0.5219730642259812,-0.42888553437944255,-0.2134363641266793,2
1228,-0.49765999376762027,-0.5932714306754282,-0.2451568154769808,2
1229,-0.04480440414358905,-0.06921422149284681,-0.13758002120202145,2
1230,0.09356170236553578,-0.15558527044442563,0.012029006034275966,2
1231,-0.03184978780158936,0.0014064195733162652,0.4087069234813348,2
1232,-0.12183262326748966,-0.3310858945227724,0.2512739053322406,2
1233,0.715108337599777,-0.3259627670137106,0.32693599103293747,2
1234,0.12779937965727958,-0.3636547764047061,0.4042505386743534,2
1235,-0.10579621947515244,-0.601619842884227,-0.2627372573638019,2
1236,-0.10950037568930826,-0.4818455146251531,-0.15196459105091048,2
1237,-0.1889977312504988,-0.6028664794202827,0.31708892180952575,2
1238,-0.3179418606250549,0.3918828609005242,0.43847630918851743,2
1239,0.3836278990180567,-0.746019218550374,0.07991019969058695,2
1240,0.02198446685136189,0.1683648869972992,-0.604636161288937,2
1241,0.0919837200033069,0.25567727316375094,-0.4504872338498509,2
1242,-0.498008073537032,-0.8793295265576045,0.15810956752139718,2
1243,-0.459505433136997,-0.702872778149562,0.44540968877638887,2
1244,0.13582297385665246,-0.4671678927151252,0.33240418327455534,2
1245,-0.033400056180772734,0.0898867662109039,0.5297453275980559,2
1246,0.03172902145102168,0.32610605927568853,0.5283784751376522,2
1247,-0.09858700234955897,-0.3724510036979192,0.6295868063777226,2
1248,0.18169593124876937,-0.43005144841162407,0.2363202115818052,2
1249,0.6870138247459924,0.03166455500825318,0.16571279520071314,2
1250,0.005880424215735744,0.5265258107159506,0.245241026223641,2
1251,0.0044836178700133865,-0.5151897616268407,0.48336151148770123,2
1252,-0.15676836810002867,0.5316292957806231,0.18407742325548196,2
1253,0.3052822026351346,0.3413840491705073,0.6585121155898954,2
1254,0.042517561458595345,0.24476128449654716,0.514128020813831,2
1255,-1.0574458880229018,-0.4885994184241051,0.4479411914338043,2
1256,-1.0261488937258707,-0.6066800676707619,0.2308330765374959,2
1257,-0.9135642643667451,-0.6323480081493842,0.008210735714410665,2
1258,-0.08165901673297142,-0.6156114357521609,-0.038179689124214995,2
1259,0.17189326352909395,0.4458438097703341,-0.06435288245096064,2
1260,-0.17548311694150184,-0.11881733354411628,0.3184550917985976,2
1261,-0.5427068891424364,-0.18221278376293573,0.5200158247996532,2
1262,-0.37047820388069064,-0.35544174454199573,0.2612380956736302,2
1263,-0.7382363558943558,0.2089434381731326,0.14322094708557687,2
1264,-0.9093158299609531,0.12330656138954182,0.028353365743262714,2
1265,-0.5779362694554635,0.042510100843673224,-0.06478895234539131,2
1266,-0.657334080833499,-0.40335034166354755,0.22176482056432414,2
1267,0.33216574533900073,0.4618531921000937,-0.1226671372683732,2
1268,-0.5213322769993258,-0.3805024956255751,0.1571753107484974,2
1269,0.05966840985532379,-0.3912805798923012,0.2031727741704806,2
1270,-0.30827395055967405,0.4442492680233012,-0.08480482316450443,2
1271,-0.24645007479026074,0.5013151423997272,0.07652131275893882,2
1272,-0.44090184598332205,-0.5736093563605338,0.6084609241662,2
1273,-0.3607357401729007,-0.34465311863913684,0.8368545308063369,2
1274,0.2373016969119422,-0.8935564146676375,-0.0645646246324891,2
1275,0.21321194508541824,-0.7728655070024143,0.07026722408187186,2
1276,-0.35471350192477963,-0.3522141363291349,0.5608061829682932,2
1277,-0.5579881156672089,-0.4980344984683186,0.5781761648274051,2
1278,-0.19306562764299565,-0.5114573540357865,0.5212239217796768,2
1279,0.22679044999416662,-0.8737630682958674,0.1035415229065126,2
1280,-0.4429976983619976,-0.5328109811636316,0.17377906142888813,2
1281,-0.6302750088652,-0.5500163290440356,0.217254304818765,2
1282,0.5580600834645353,-0.35950927144220723,0.24940187196977778,2
1283,0.23321754319635948,-0.6291612598342569,0.685515508510376,2
1284,-0.1558153259196664,-0.5965236891578933,0.035063753561134337,2
1285,-0.012937558990049614,-0.5664274006109951,0.5872928119450972,2
1286,-0.34471630842121803,-0.336639711913533,-0.024165165321261346,2
1287,-0.7360847964125456,0.44092766656099336,0.40494543682878475,2
1288,-0.7887404112998363,0.3464688584938576,0.1747028499459141,2
1289,-0.7252226210411594,0.4156381392352904,-0.025585326555000214,2
1290,-0.1374568428822096,-0.28253992290608027,0.6613243161149246,2
1291,-0.10730042054283707,-0.3870887145372022,0.9126194479025098,2
1292,0.031214983276887435,0.161917928014327,-0.4338120362328803,2
1293,-0.188612733265884,0.016178324625255206,-0.2237449484045254,2
1294,-0.031863995172702865,-0.30086113489013216,-0.2541663942389875,2
1295,0.5848022383656706,0.008121337244906712,0.10366956368131648,2
1296,-0.5332870833935548,-0.23091317681537424,0.4249602648105982,2
1297,0.4380801126990652,0.5415749128046681,0.268866192089142,2
1298,-0.06469261719736205,-0.538907734576873,0.14490869352026242,2
1299,0.36415568833415085,-0.20996650825530783,0.7396830043101272,2
1300,0.354188334542618,-0.28470556288805576,0.7928540710541984,2
1301,0.4884926669056697,0.17794976984257088,0.0593428257262121,2
1302,0.1953800063111869,-0.6713635137975548,0.8173624730622109,2
1303,-0.047455378257898695,-0.6893775856706846,0.8403016301783456,2
1304,-0.22344398436407598,-0.34880571243405994,0.3819286316654149,2
1305,0.6893678216636059,-0.11352242670826476,0.5722026495620521,2
1306,0.6412321276946626,0.006345127148048697,0.40582885207640523,2
1307,-0.07821003159906209,-0.5063895558040186,0.27994923713874803,2
1308,0.09841034320606647,-0.5329946060111621,0.4888140685215603,2
1309,0.08538764749309607,-0.6484680731520387,0.024330628615754777,2
1310,0.10571430316394471,-0.21090939437161477,0.5992486560576167,2
1311,-0.4145935222190056,-0.2916705583767819,0.3125512443463971,2
1312,0.8908346509298647,0.08404909377955878,0.42828336550205626,2
1313,0.6503013734686709,0.05517147895608805,0.5515327587341835,2
1314,-0.6344105791957118,-0.0120887393476726,0.33939188144790955,2
1315,-0.6107229884774178,0.13010963414695517,0.3090367761659892,2
1316,0.003200327078640037,-0.22601379356085996,-0.014708996268040566,2
1317,0.14160253989823554,-0.345592817039381,0.07949357606494245,2
1318,0.14332987079629644,-0.9454050976949464,0.14109556214791288,2
