90,101,102,78
99,103,97
38,104,45
97,105,106,94
8,107,20
50,108,42
89,109,62
58,110,73
13,111,10
20,112,33
78,113,79
54,114,115,67
98,116,83
42,117,23
92,118,34
87,119,58
22,120,41
100,121,64
49,122,123,52
50,124,21
60,125,20
18,126,20
88,127,56
99,128,83
28,129,47
36,130,9
80,131,71
92,132,86
70,133,134,55
64,135,71
73,136,96
1,137,50
63,138,100
15,139,21
7,140,4
35,141,7
82,142,64
60,143,36
58,144,71
8,145,18
75,146,84
19,147,148,96
93,149,27
64,150,75
51,151,91
39,152,153,53
51,154,97
65,155,53
24,156,18
1,157,4
55,158,51
41,159,11
62,160,161,27
68,162,64
6,163,5
61,164,64
69,165,166,96
7,167,91
39,168,19
73,169,24
82,170,85
13,171,17
37,172,31
75,173,58
53,174,54
80,175,67
94,176,98
54,177,88
49,178,11
73,179,60
44,180,93
45,181,182,87
96,183,39
65,184,96
10,185,11
92,186,40
91,187,89
18,188,13
51,189,52
49,190,191,33
25,192,20
5,193,15
100,194,195,72
43,196,31
68,197,80
11,198,10
7,199,88
48,200,7
63,201,99
96,202,6
2,203,3
88,204,39
31,205,18
59,206,58
6,207,1
75,208,64
87,209,55
7,210,39
45,211,38
63,212,75
63,213,62
36,214,48
18,215,37
60,216,217,6
32,218,26
77,219,27
12,220,221,37
42,222,21
45,223,11
34,224,40
7,225,3
75,226,80
56,227,16
12,228,46
69,229,230,55
15,231,6
67,232,7
98,233,234,71
100,235,236,58
28,237,23
60,238,69
48,239,43
71,240,241,91
62,242,243,244,18
16,245,88
19,246,247,67
90,248,249,94
2,250,4
17,251,252,19
47,253,41
73,254,37
53,255,67
30,256,41
96,257,35
50,258,15
7,259,260,84
77,261,262,263,48
16,264,18
20,265,13
97,266,267,91
44,268,27
91,269,270,20
73,271,80
62,272,61
64,273,57
26,274,47
74,275,73
82,276,72
37,277,73
21,278,11
31,279,8
89,280,75
58,281,70
68,282,57
70,283,37
21,284,8
48,285,54
55,286,39
53,287,88
84,288,71
72,289,64
91,290,67
24,291,19
89,292,91
51,293,54
70,294,74
37,295,96
73,296,87
33,297,12
16,298,299,5
80,300,58
61,301,63
88,302,4
66,303,65
86,304,40
64,305,68
63,306,82
44,307,77
18,308,10
3,309,15
60,310,9
91,311,312,75
70,313,90
21,314,10
18,315,316,88
24,317,39
4,318,35
33,319,26
18,320,24
59,321,322,85
96,323,48
87,324,48
1,325,5
40,326,34
68,327,75
45,328,8
93,329,77
67,330,39
71,331,100
83,332,79
15,333,43
3,334,6
67,335,87
47,336,22
91,337,37
37,338,87
22,339,10
4,340,6
14,341,5
91,342,39
96,343,5
10,344,21
92,345,346,11
27,347,348,73
96,349,55
99,350,63
74,351,60
94,352,81
33,353,11
39,354,6
85,355,70
70,356,357,24
62,358,64
89,359,71
18,360,8
67,361,89
11,362,31
99,363,364,96
91,365,96
33,366,32
66,367,53
87,368,73
72,369,95
92,370,78
25,371,9
45,372,17
91,373,24
33,374,42
56,375,39
60,376,377,378,76
65,379,380,6
35,381,88
70,382,383,71
63,384,98
23,385,32
80,386,75
62,387,388,78
48,389,55
50,390,391,2
30,392,49
11,393,20
17,394,33
54,395,91
97,396,397,71
88,398,399,52
85,400,90
91,401,73
39,402,67
97,403,96
3,404,4
23,405,13
89,406,58
98,407,94
4,408,7
74,409,27
19,410,36
44,411,26
54,412,48
9,413,39
68,414,82
64,415,99
22,416,417,37
33,418,17
24,419,37
69,420,36
97,421,55
46,422,23
59,423,424,66
84,425,59
69,426,67
91,427,69
7,428,429,87
69,430,431,66
35,432,91
56,433,53
100,434,435,95
82,436,70
43,437,50
6,438,439,67
58,440,57
91,441,80
38,442,33
13,443,33
24,444,445,50
88,446,19
31,447,43
72,448,62
15,449,450,49
43,451,15
36,452,18
77,453,38
35,454,16
83,455,456,95
23,457,458,17
9,459,69
65,460,52
5,461,1
13,462,463,27
1,464,14
11,465,37
3,466,96
99,467,64
16,468,9
51,469,55
96,470,88
93,471,26
80,472,73
19,473,8
32,474,46
80,475,68
17,476,18
14,477,30
48,478,88
62,479,63
73,480,91
83,481,72
61,482,99
22,483,29
31,484,9
79,485,94
25,486,77
43,487,4
10,488,12
5,489,490,31
38,491,492,17
88,493,24
88,494,37
76,495,90
58,496,497,91
5,498,7
57,499,90
12,500,22
70,501,80
82,502,63
100,503,83
39,504,16
57,505,58
1,506,15
37,507,25
61,508,72
87,509,36
53,510,56
37,511,512,43
27,513,77
40,514,77
62,515,85
9,516,517,33
45,518,27
88,519,520,521,45
24,522,96
91,523,88
94,524,79
37,525,27
60,526,527,38
17,528,20
48,529,16
57,530,531,44
85,532,82
5,533,14
22,534,11
36,535,24
37,536,537,63
21,538,15
71,539,75
24,540,87
68,541,58
91,542,87
12,543,13
37,544,8
13,545,42
100,546,53
98,547,95
30,548,42
89,549,550,52
57,551,68
17,552,21
89,553,554,98
71,555,64
16,556,35
18,557,9
87,558,24
14,559,1
15,560,561,18
39,562,88
22,563,23
32,564,23
23,565,566,20
35,567,54
62,568,89
7,569,6
55,570,96
87,571,572,75
42,573,10
90,574,81
35,575,96
6,576,48
3,577,56
23,578,42
75,579,89
73,580,70
41,581,10
8,582,45
62,583,584,81
90,585,70
9,586,60
100,587,89
70,588,58
27,589,38
31,590,4
21,591,31
100,592,99
62,593,71
71,594,83
96,595,24
59,596,69
59,597,67
28,598,599,45
39,600,36
71,601,62
23,602,28
56,603,88
82,604,62
89,605,64
29,606,22
80,607,66
87,608,60
88,609,53
56,610,54
59,611,68
10,612,14
80,613,53
38,614,23
55,615,6
54,616,7
71,617,57
9,618,59
77,619,74
86,620,81
48,621,31
55,622,97
56,623,624,80
54,625,2
98,626,82
65,627,628,91
37,629,24
57,630,71
1,631,2
65,632,633,71
88,634,84
81,635,82
97,636,61
97,637,83
19,638,639,38
36,640,67
98,641,72
36,642,35
61,643,644,79
54,645,646,84
10,647,42
48,648,4
18,649,650,48
84,651,80
47,652,32
6,653,96
88,654,55
47,655,23
11,656,45
23,657,29
49,658,659,87
43,660,661,2
31,662,48
43,663,21
11,664,23
49,665,14
37,666,62
96,667,56
24,668,73
87,669,670,98
78,671,92
89,672,100
9,673,25
7,674,53
79,675,72
52,676,56
27,677,74
60,678,679,85
42,680,49
45,681,682,76
54,683,51
35,684,31
27,685,23
35,686,43
63,687,61
7,688,96
18,689,31
72,690,71
39,691,91
45,692,33
15,693,1
25,694,695,11
55,696,697,43
54,698,55
52,699,3
50,700,14
7,701,54
80,702,87
63,703,64
67,704,88
41,705,22
90,706,77
28,707,29
38,708,20
61,709,62
51,710,65
72,711,78
99,712,72
99,713,61
95,714,94
45,715,20
7,716,2
41,717,718,719,3
28,720,721,32
55,722,54
58,723,67
39,724,55
18,725,39
91,726,727,65
37,728,35
61,729,83
30,730,14
57,731,85
19,732,91
39,733,734,22
41,735,33
31,736,24
76,737,81
44,738,739,740,64
23,741,47
42,742,12
82,743,61
10,744,30
16,745,19
38,746,32
54,747,748,749,41
95,750,92
31,751,35
47,752,26
56,753,6
53,754,89
36,755,73
73,756,19
39,757,35
67,758,58
62,759,73
15,760,5
45,761,26
80,762,89
22,763,32
76,764,82
44,765,38
17,766,50
75,767,68
2,768,6
5,769,48
17,770,771,37
67,772,73
68,773,71
87,774,27
76,775,93
49,776,29
71,777,68
68,778,70
78,779,40
27,780,40
5,781,6
6,782,88
53,783,784,35
64,785,81
58,786,80
46,787,28
96,788,54
37,789,39
48,790,50
71,791,80
50,792,793,4
14,794,42
11,795,42
38,796,8
12,797,33
25,798,73
39,799,37
60,800,87
38,801,802,60
2,803,1
42,804,30
94,805,806,93
23,807,11
73,808,36
99,809,810,90
42,811,15
48,812,51
12,813,10
76,814,85
79,815,98
37,816,80
49,817,818,23
24,819,88
25,820,74
36,821,7
60,822,70
77,823,44
26,824,27
50,825,31
94,826,95
57,827,64
84,828,829,55
13,830,23
45,831,832,77
91,833,834,70
94,835,78
63,836,83
6,837,52
34,838,46
93,839,74
60,840,19
12,841,41
100,842,80
8,843,17
73,844,48
62,845,96
67,846,55
37,847,848,61
19,849,39
12,850,851,6
37,852,55
71,853,99
87,854,39
77,855,856,80
95,857,98
27,858,859,18
68,860,66
45,861,23
87,862,35
80,863,864,99
82,865,68
21,866,50
29,867,868,92
82,869,870,97
63,871,872,873,48
98,874,875,76
64,876,82
6,877,16
38,878,13
98,879,97
12,880,881,39
84,882,58
50,883,43
66,884,84
5,885,886,30
46,887,12
58,888,9
11,889,890,96
3,891,53
21,892,893,29
88,894,16
100,895,62
88,896,48
31,897,16
35,898,56
81,899,64
12,900,901,14
7,902,5
25,903,904,76
10,905,13
88,906,36
84,907,908,51
3,909,7
77,910,911,86
74,912,25
47,913,29
55,914,5
94,915,72
11,916,12
96,917,918,14
24,919,9
49,920,10
32,921,44
83,922,99
27,923,924,62
23,925,46
39,926,927,74
62,928,82
34,929,930,86
77,931,90
25,932,933,57
51,934,935,1
81,936,937,74
44,938,32
89,939,66
66,940,89
16,941,37
75,942,943,37
22,944,42
97,945,946,78
8,947,31
46,948,29
23,949,10
56,950,48
53,951,55
12,952,17
19,953,31
73,954,74
42,955,956,5
15,957,958,91
75,959,62
42,960,50
58,961,68
31,962,963,10
20,964,60
8,965,9
37,966,60
8,967,24
91,968,969,71
23,970,33
48,971,39
98,972,973,66
32,974,22
86,975,92
61,976,97
48,977,24
48,978,3
10,979,980,31
84,981,89
62,982,100
54,983,6
59,984,91
58,985,87
9,986,87
2,987,5
69,988,88
43,989,6
34,990,991,23
71,992,993,97
14,994,10
100,995,71
6,996,7
100,997,998,999,4
96,1000,51
88,1001,96
71,1002,1003,24
61,1004,71
60,1005,37
97,1006,98
47,1007,12
66,1008,100
25,1009,1010,19
25,1011,60
73,1012,67
19,1013,18
74,1014,70
41,1015,29
80,1016,1017,35
87,1018,91
59,1019,1020,8
40,1021,92
37,1022,48
36,1023,19
31,1024,17
56,1025,1026,14
80,1027,88
1,1028,48
46,1029,47
43,1030,17
84,1031,100
83,1032,98
58,1033,64
60,1034,24
4,1035,43
43,1036,18
43,1037,1038,13
6,1039,54
19,1040,9
61,1041,66
34,1042,28
18,1043,21
9,1044,36
57,1045,75
15,1046,50
52,1047,7
25,1048,70
5,1049,51
47,1050,28
20,1051,1052,70
94,1053,86
30,1054,10
47,1055,46
13,1056,1057,19
60,1058,25
31,1059,36
5,1060,1061,42
88,1062,1063,75
65,1064,51
25,1065,38
44,1066,1067,23
65,1068,97
52,1069,54
65,1070,89
34,1071,78
11,1072,1073,15
99,1074,100
32,1075,47
10,1076,23
87,1077,1078,77
97,1079,79
17,1080,11
15,1081,14
7,1082,36
51,1083,53
93,1084,76
35,1085,39
12,1086,1087,15
24,1088,1089,3
95,1090,1091,83
3,1092,54
12,1093,11
62,1094,99
49,1095,12
88,1096,1097,68
81,1098,94
84,1099,1100,48
88,1101,1102,3
81,1103,86
74,1104,82
73,1105,25
71,1106,1107,53
85,1108,1109,61
19,1110,60
16,1111,24
13,1112,21
78,1113,94
10,1114,18
65,1115,1116,72
65,1117,66
7,1118,1119,21
33,1120,23
22,1121,46
52,1122,1123,89
37,1124,20
36,1125,88
3,1126,1127,39
4,1128,1
70,1129,87
61,1130,1131,70
39,1132,73
15,1133,48
21,1134,43
62,1135,98
88,1136,31
84,1137,1138,57
98,1139,99
27,1140,85
9,1141,20
83,1142,97
89,1143,1144,39
29,1145,49
77,1146,1147,62
84,1148,1149,35
92,1150,26
71,1151,63
65,1152,1153,84
64,1154,1155,74
72,1156,81
72,1157,63
63,1158,71
95,1159,72
90,1160,1161,26
20,1162,27
96,1163,1164,1165,77
40,1166,28
48,1167,91
82,1168,95
73,1169,1170,49
80,1171,69
87,1172,1173,76
46,1174,1175,92
96,1176,87
73,1177,1178,18
7,1179,55
37,1180,9
88,1181,69
35,1182,4
85,1183,1184,1185,39
74,1186,77
94,1187,1188,23
39,1189,7
20,1190,38
50,1191,13
36,1192,37
56,1193,91
41,1194,30
11,1195,14
5,1196,4
1,1197,1198,35
37,1199,11
86,1200,78
3,1201,1202,43
20,1203,8
18,1204,1205,5
6,1206,1207,60
71,1208,61
24,1209,25
79,1210,97
49,1211,1
12,1212,49
7,1213,56
9,1214,73
67,1215,69
18,1216,1217,22
71,1218,1219,70
58,1220,1221,24
69,1222,24
22,1223,1224,50
89,1225,53
70,1226,64
49,1227,1228,15
80,1229,1230,5
74,1231,87
24,1232,48
75,1233,71
37,1234,69
39,1235,1236,51
7,1237,16
26,1238,45
66,1239,51
92,1240,1241,29
24,1242,1243,14
96,1244,67
85,1245,1246,87
19,1247,24
55,1248,88
64,1249,63
93,1250,92
19,1251,73
26,1252,34
85,1253,1254,44
2,1255,1256,1257,12
48,1258,5
78,1259,86
20,1260,87
13,1261,18
11,1262,18
41,1263,1264,45
41,1265,23
50,1266,17
86,1267,94
21,1268,42
87,1269,96
28,1270,1271,26
20,1272,1273,21
4,1274,1275,55
21,1276,1277,39
39,1278,24
54,1279,53
11,1280,1281,16
100,1282,68
88,1283,59
48,1284,6
36,1285,69
49,1286,42
28,1287,1288,1289,20
25,1290,1291,91
35,1292,1293,1294,77
72,1295,61
13,1296,8
81,1297,76
6,1298,39
69,1299,1300,68
81,1301,63
35,1302,1303,59
39,1304,31
90,1305,1306,80
35,1307,48
39,1308,69
55,1309,48
73,1310,9
18,1311,11
90,1312,1313,71
17,1314,1315,23
37,1316,1317,49
56,1318,52
