3.66609 132.856 0 3 -3.55271e-15 0
0.559433 -105.369 2 0 7.10543e-15 1.42109e-14
3.99114 -175.749 0 3 -1.77636e-14 7.10543e-15
0.731751 -3.66429 0 0 -1.42109e-14 -2.84217e-14
3.37061 96.9179 0 3 7.10543e-15 2.13163e-14
0.642123 -108.5 2 0 -7.10543e-15 0
3.20796 50.1055 0 3 -7.10543e-15 -1.42109e-14
3.53074 136.712 0 3 2.66454e-14 4.26326e-14
3.20457 -52.0011 0 1 -2.4869e-14 -1.42109e-14
3.41506 -17.8375 0 1 -2.66454e-14 -2.13163e-14
0.515204 37.4651 4 5 -7.10543e-15 -2.84217e-14
3.83308 171.465 0 3 -1.77636e-15 -1.42109e-14
0.658273 -123.516 1 0 7.10543e-15 -1.42109e-14
3.75392 158.466 0 3 7.10543e-15 0
3.25512 54.6824 0 3 1.77636e-14 7.10543e-15
0.763156 160.747 2 5 -1.42109e-14 1.42109e-14
3.26368 80.9664 0 3 -1.24345e-14 -7.10543e-15
0.654273 95.3297 1 3 1.42109e-14 1.42109e-14
0.549546 -128.878 3 1 0 -2.84217e-14
0.658751 2.14146 0 0 -7.10543e-15 -2.84217e-14
0.643264 140.263 1 4 7.10543e-15 0
0.488626 -118.108 2 0 0 -4.26326e-14
0.638518 -46.5274 5 3 0 -1.42109e-14
0.693251 -44.3549 1 1 1.42109e-14 0
3.3033 74.1928 0 3 -2.84217e-14 -2.84217e-14
3.49522 119.851 0 3 -5.32907e-15 0
0.684555 99.7521 2 4 7.10543e-15 0
0.468613 -176.084 3 0 -1.42109e-14 -2.84217e-14
3.31133 -52.4467 0 1 -1.95399e-14 -3.55271e-14
0.27856 -147.727 2 1 1.42109e-14 -1.42109e-14
3.26923 110.518 0 3 -8.88178e-15 -1.42109e-14
0.597288 100.943 1 3 -1.42109e-14 -1.42109e-14
0.199309 -177.369 4 1 7.10543e-15 -1.42109e-14
0.702932 156.877 3 0 7.10543e-15 0
3.29057 62.0717 0 3 -2.13163e-14 -2.13163e-14
3.15453 80.7812 0 3 -2.66454e-14 -2.13163e-14
3.39858 100.931 0 3 2.30926e-14 3.55271e-14
3.75747 140.666 0 3 1.95399e-14 4.26326e-14
0.656854 -111.583 4 3 0 1.42109e-14
0.355868 3.79437 3 3 7.10543e-15 0
0.822118 -44.8301 0 4 0 -1.42109e-14
0.473638 63.1577 2 4 -2.13163e-14 1.42109e-14
3.38672 90.3259 0 3 -1.06581e-14 7.10543e-15
0.731772 -136.499 1 0 -7.10543e-15 -1.42109e-14
3.54765 6.17164 1 2 -2.13163e-14 -3.55271e-14
0.67451 58.6912 2 3 0 -4.26326e-14
0.411398 -35.8685 3 3 0 -1.42109e-14
3.21781 40.3675 0 3 -3.55271e-15 7.10543e-15
0.2257 -169.675 3 0 -7.10543e-15 -1.42109e-14
3.31335 94.4917 0 3 -1.77636e-15 0
0.745512 -161.325 3 0 -7.10543e-15 0
3.37264 63.2312 0 3 -3.55271e-15 -7.10543e-15
3.25809 59.5276 0 3 -1.77636e-15 0
0.543504 60.7211 4 0 2.13163e-14 -2.84217e-14
0.111717 -141.633 2 1 7.10543e-15 -1.42109e-14
0.610705 97.6902 4 0 7.10543e-15 -2.84217e-14
3.47047 -1.88628 0 1 -2.13163e-14 -2.84217e-14
3.62917 134.097 0 3 8.88178e-15 0
0.668801 -178.453 4 3 -1.42109e-14 0
3.40588 122.709 0 3 8.88178e-15 0
0.327296 -123.038 4 3 -7.10543e-15 2.84217e-14
3.25584 68.691 0 3 1.24345e-14 1.42109e-14
3.15819 104.15 0 3 5.32907e-15 1.42109e-14
0.459025 40.0443 2 3 -7.10543e-15 1.42109e-14
3.43702 28.3516 0 3 -7.10543e-15 0
0.202328 -176.904 2 5 -7.10543e-15 0
0.267858 61.5396 2 3 7.10543e-15 2.84217e-14
3.24759 67.2779 0 3 -8.88178e-15 -1.42109e-14
3.4148 -82.8494 0 0 -5.32907e-15 1.42109e-14
0.666983 135.432 1 4 2.84217e-14 -1.42109e-14
3.29584 92.4448 0 3 0 1.42109e-14
3.55034 139.997 0 3 -7.10543e-15 -7.10543e-15
3.29697 -46.1688 1 2 4.61853e-14 4.26326e-14
3.27265 115.69 0 3 -8.88178e-15 1.42109e-14
0.784448 115.591 3 5 -7.10543e-15 1.42109e-14
3.46633 110.256 0 3 1.06581e-14 2.84217e-14
3.59102 3.25253 0 1 1.77636e-14 3.55271e-14
3.75578 154.268 0 3 1.06581e-14 4.26326e-14
0.93988 6.38315 5 0 7.10543e-15 0
0.561015 84.0565 4 0 -1.42109e-14 -4.26326e-14
0.68826 -39.3707 1 1 -2.84217e-14 -5.68434e-14
3.41281 105.886 0 3 -1.77636e-15 7.10543e-15
0.172074 76.2477 2 3 0 0
3.36454 24.2491 0 3 1.77636e-14 1.42109e-14
3.39473 15.3488 0 3 0 1.42109e-14
3.4624 114.505 0 3 -1.06581e-14 -1.42109e-14
3.2895 -25.7192 0 1 -1.06581e-14 -1.42109e-14
0.114345 41.0026 1 3 0 -5.68434e-14
0.722355 -171.58 2 5 2.13163e-14 1.42109e-14
3.506 129.137 0 3 1.42109e-14 3.55271e-14
3.38888 111.696 0 3 -8.88178e-15 0
0.651563 10.2392 5 0 7.10543e-15 -4.26326e-14
0.599092 71.3227 2 3 0 -1.42109e-14
3.29193 83.3993 0 3 1.77636e-15 0
3.72029 162.288 0 3 -8.88178e-15 -7.10543e-15
3.24605 74.5741 0 3 1.95399e-14 2.13163e-14
0.332017 -23.9411 3 3 0 -2.84217e-14
3.52598 127.167 0 3 1.24345e-14 1.42109e-14
0.3833 17.1642 3 3 -1.42109e-14 -2.84217e-14
3.3737 60.4369 0 3 -5.32907e-15 1.42109e-14
0.151852 50.6208 5 1 -3.55271e-14 -4.26326e-14
0.713458 31.8665 3 4 -7.10543e-15 -2.84217e-14
3.32697 -20.1815 0 1 -1.24345e-14 -1.42109e-14
0.676086 7.71904 5 0 0 -4.26326e-14
0.654601 59.725 2 3 0 1.42109e-14
3.14432 67.7346 0 3 0 0
3.23531 44.3508 0 3 1.06581e-14 1.42109e-14
0.712321 -143.577 1 0 7.10543e-15 0
0.438706 -128.897 4 3 -7.10543e-15 -1.42109e-14
0.618997 -55.6812 3 3 1.42109e-14 0
3.88105 173.1 0 3 1.42109e-14 1.42109e-14
3.68489 142.126 0 3 0 7.10543e-15
3.61199 123.979 0 3 4.26326e-14 4.9738e-14
3.35521 117.91 0 3 -1.24345e-14 -1.42109e-14
3.14454 88.7909 0 3 -3.55271e-15 -7.10543e-15
0.695928 146.333 2 5 0 5.68434e-14
0.385112 53.2079 3 4 2.13163e-14 -1.42109e-14
3.27554 71.6501 0 3 -3.01981e-14 -1.42109e-14
0.450345 73.9744 1 3 7.10543e-15 -1.42109e-14
3.41433 107.879 0 3 -3.01981e-14 -2.13163e-14
0.695707 -166.519 4 3 -1.42109e-14 -2.84217e-14
3.11276 84.4072 0 3 -8.88178e-15 0
0.627815 32.7432 3 3 0 1.42109e-14
0.544306 -136.12 4 3 0 0
0.656823 136.829 1 4 -7.10543e-15 0
3.23805 65.2737 0 3 -1.77636e-14 -1.42109e-14
0.750952 117.504 2 4 0 -1.42109e-14
0.753701 -111.775 2 0 7.10543e-15 -1.42109e-14
0.554383 -80.2545 0 4 0 1.42109e-14
0.55714 163.935 4 1 -7.10543e-15 0
0.680466 141.27 0 3 0 0
0.518723 -122.723 2 0 0 2.84217e-14
0.359062 71.8216 2 4 0 5.68434e-14
3.29425 78.0359 0 3 2.66454e-14 4.26326e-14
0.397451 -90.2951 5 3 -7.10543e-15 -1.42109e-14
0.529062 -58.5058 5 3 -7.10543e-15 0
0.592187 -11.8103 1 1 0 1.42109e-14
0.667806 133.575 1 4 2.84217e-14 -2.84217e-14
3.46374 -3.02607 1 2 -2.30926e-14 0
0.632729 -62.6741 5 3 7.10543e-15 1.42109e-14
3.66849 139.896 0 3 -8.88178e-15 2.13163e-14
3.35054 96.4763 0 3 -8.88178e-15 1.42109e-14
3.35051 -19.8349 0 1 4.08562e-14 2.84217e-14
3.34034 95.6053 0 3 7.10543e-15 1.42109e-14
0.744352 -64.1202 1 1 7.10543e-15 2.84217e-14
3.29824 107.302 0 3 1.06581e-14 2.13163e-14
3.48452 118.299 0 3 1.95399e-14 1.42109e-14
0.303214 67.4863 4 0 -7.10543e-15 -2.84217e-14
3.43214 -4.28656 0 1 -5.32907e-15 0
0.552218 -130.244 4 3 0 -1.42109e-14
0.766946 -25.4777 3 3 1.42109e-14 2.84217e-14
0.5307 146.163 1 4 0 -1.42109e-14
0.6123 3.092 0 0 7.10543e-15 -1.42109e-14
0.668836 165.361 3 0 7.10543e-15 -4.26326e-14
0.791842 -9.79013 0 0 0 1.42109e-14
0.77772 42.2384 5 0 7.10543e-15 2.84217e-14
3.32787 88.0113 0 3 -7.10543e-15 -7.10543e-15
0.53838 -75.1766 3 1 -3.55271e-15 -1.42109e-14
0.495277 80.325 1 3 -1.42109e-14 0
3.83022 167.255 0 3 0 2.84217e-14
3.36622 98.8536 0 3 1.77636e-14 2.84217e-14
4.13256 -177.685 0 3 1.42109e-14 2.13163e-14
0.481841 65.5461 4 0 -7.10543e-15 0
3.40811 132.185 0 3 2.13163e-14 1.42109e-14
0.49744 160.884 0 3 7.10543e-15 1.42109e-14
3.29094 82.5386 0 3 3.55271e-15 2.13163e-14
3.30682 -48.9393 2 3 1.77636e-15 0
0.495347 -82.3996 2 0 0 2.84217e-14
0.673326 -150.548 2 1 0 -1.42109e-14
3.57485 120.394 0 3 7.10543e-15 0
3.12032 106.98 0 3 3.55271e-14 4.26326e-14
0.421371 33.5422 5 0 7.10543e-15 0
3.41581 100.761 0 3 -1.95399e-14 0
0.35848 -145.688 2 1 -7.10543e-15 2.84217e-14
3.63187 -47.4588 0 0 1.77636e-14 1.42109e-14
0.170035 -153.761 0 5 0 -1.42109e-14
0.571468 -143.601 4 3 7.10543e-15 0
3.27133 63.968 0 3 -8.88178e-15 2.13163e-14
0.587964 -117.394 2 1 1.42109e-14 5.68434e-14
3.17457 68.8302 0 3 4.08562e-14 4.26326e-14
0.213433 54.6008 5 0 1.42109e-14 0
0.384325 -112.517 3 1 -7.10543e-15 0
3.45725 -2.60233 1 2 -2.66454e-14 0
3.30598 76.4352 0 3 -1.59872e-14 -7.10543e-15
0.543634 29.0537 3 4 1.42109e-14 2.84217e-14
3.48985 10.4634 0 3 -7.10543e-15 0
0.610523 76.7331 5 0 0 -2.84217e-14
3.4667 117.705 0 3 4.44089e-14 5.68434e-14
0.537057 96.4833 1 3 -7.10543e-15 4.26326e-14
0.645856 -11.1274 1 1 0 1.42109e-14
3.4413 127.337 0 3 3.55271e-15 1.42109e-14
0.530873 48.2656 3 4 0 0
3.29793 -27.4761 0 1 1.95399e-14 1.42109e-14
3.51574 119.544 0 3 7.10543e-15 2.84217e-14
0.806898 5.78982 5 0 1.42109e-14 -2.84217e-14
3.32685 89.6781 0 3 -3.55271e-15 1.42109e-14
0.424358 -143.731 4 3 0 -2.84217e-14
0.294346 -86.4655 2 0 7.10543e-15 1.42109e-14
3.53781 125.763 0 3 -1.42109e-14 1.42109e-14
3.20626 56.6399 0 3 -1.77636e-14 1.42109e-14
3.34088 105.801 0 3 7.10543e-15 7.10543e-15
0.738308 162.869 3 0 -7.10543e-15 0
0.411916 -70.9625 5 3 7.10543e-15 1.42109e-14
3.38271 99.0088 0 3 5.32907e-15 1.42109e-14
3.6283 147.8 0 3 -1.95399e-14 -3.55271e-14
0.655355 -58.2757 1 1 -7.10543e-15 -2.84217e-14
0.781534 -1.32038 0 0 0 0
0.628684 -165.765 4 3 0 0
0.573505 53.0386 2 3 0 0
3.30926 82.8207 0 3 -3.55271e-15 -7.10543e-15
0.125907 67.2053 5 0 1.42109e-14 -1.42109e-14
0.812849 134.715 2 5 1.42109e-14 -2.84217e-14
0.43669 34.2806 5 0 -7.10543e-15 -1.42109e-14
0.899275 -133.961 1 0 0 -2.84217e-14
0.730377 162.138 2 5 -7.10543e-15 0
3.45132 134.647 0 3 8.88178e-15 2.13163e-14
0.811076 134.801 3 0 7.10543e-15 0
3.51783 126.318 0 3 -2.84217e-14 -3.55271e-14
3.3059 72.5225 0 3 -1.24345e-14 -1.42109e-14
0.725294 -98.1716 2 1 1.42109e-14 0
3.22353 -53.4339 0 1 1.77636e-14 4.26326e-14
0.682735 -139.006 1 0 7.10543e-15 2.84217e-14
3.27911 75.0725 0 3 1.59872e-14 2.84217e-14
0.342157 -79.3486 3 1 7.10543e-15 0
0.557078 26.0244 3 3 -7.10543e-15 -2.84217e-14
3.63777 131.095 0 3 -3.37508e-14 0
0.856004 -101.867 2 0 -7.10543e-15 -2.84217e-14
0.565584 145.229 0 3 1.42109e-14 2.84217e-14
3.5548 129.561 0 3 1.59872e-14 7.10543e-15
0.89995 137.789 3 0 1.42109e-14 -2.84217e-14
0.627739 -83.5741 0 4 1.42109e-14 2.84217e-14
0.7118 -162.476 1 0 -1.42109e-14 -4.26326e-14
0.733856 105.372 4 0 1.42109e-14 2.84217e-14
0.435733 168.586 4 1 0 -1.42109e-14
3.33979 99.6025 0 3 -3.19744e-14 -7.10543e-15
0.683436 -27.1793 3 3 0 1.42109e-14
3.26647 56.2459 0 3 -1.06581e-14 7.10543e-15
0.756409 30.4192 5 0 7.10543e-15 1.42109e-14
4.4131 -158.021 0 3 -3.55271e-15 7.10543e-15
3.45468 -80.2219 0 0 -5.32907e-15 2.84217e-14
0.478242 158.109 3 0 -1.42109e-14 1.42109e-14
3.34693 -99.7654 0 0 8.88178e-15 1.42109e-14
0.690916 -80.6507 2 0 1.42109e-14 1.42109e-14
0.605175 74.9607 2 3 0 -1.42109e-14
0.805554 -2.85976 0 0 1.42109e-14 2.84217e-14
3.22875 101.418 0 3 3.90799e-14 3.55271e-14
0.78164 168.513 1 0 0 -4.26326e-14
0.628282 -50.0278 3 1 -3.55271e-15 -1.42109e-14
0.614662 -37.7537 3 3 1.42109e-14 2.84217e-14
0.392033 -173.331 4 3 1.42109e-14 2.84217e-14
0.520236 -129.403 4 3 1.42109e-14 -1.42109e-14
0.160935 42.9137 1 3 -7.10543e-15 0
4.05838 177.032 0 3 -7.10543e-15 -7.10543e-15
0.270298 -110.387 3 1 0 -1.42109e-14
0.676952 10.1406 5 0 7.10543e-15 -2.84217e-14
0.540071 29.2552 5 0 2.13163e-14 -2.84217e-14
3.27729 119.321 0 3 -2.30926e-14 -2.13163e-14
3.17254 65.8259 0 3 -1.24345e-14 0
3.36388 -91.4392 0 0 -7.10543e-15 0
4.08354 172.265 0 3 -2.4869e-14 7.10543e-15
0.664436 -60.1963 1 1 7.10543e-15 0
0.856343 -131.189 1 0 -2.13163e-14 0
3.30963 80.2399 0 3 1.77636e-15 0
0.445959 52.8004 2 3 0 0
0.288028 50.9531 2 4 0 -4.26326e-14
3.25264 47.9162 0 3 8.88178e-15 2.13163e-14
3.11896 108.603 0 3 -8.88178e-15 -7.10543e-15
0.629865 -115.894 1 0 7.10543e-15 -1.42109e-14
3.29037 78.4167 0 3 -2.4869e-14 -2.84217e-14
3.43242 111.79 0 3 -1.24345e-14 -7.10543e-15
3.26437 77.0263 0 3 -1.59872e-14 -1.42109e-14
0.320806 75.5257 2 3 7.10543e-15 1.42109e-14
0.722241 162.96 3 0 -1.42109e-14 1.42109e-14
0.464629 -10.3237 1 1 -7.10543e-15 0
0.787222 -178.084 1 4 0 2.84217e-14
3.3701 88.8791 0 3 2.30926e-14 2.13163e-14
0.573927 -51.5117 3 3 -1.42109e-14 -2.84217e-14
0.522362 95.0248 1 3 -2.84217e-14 0
3.26198 72.2707 0 3 -3.55271e-15 0
0.465244 -64.6843 3 1 1.06581e-14 4.26326e-14
3.50295 2.36607 0 1 1.06581e-14 2.84217e-14
0.780151 26.6328 4 5 -7.10543e-15 0
3.33484 106.513 0 3 -2.4869e-14 -3.55271e-14
0.500128 -41.1887 1 1 0 -2.84217e-14
3.32655 -52.4789 2 3 -1.24345e-14 0
0.549321 101.242 2 3 -7.10543e-15 -1.42109e-14
3.48022 120.404 0 3 -8.88178e-15 2.13163e-14
0.824994 23.3431 4 5 -7.10543e-15 -1.42109e-14
0.382644 54.552 2 3 7.10543e-15 -2.84217e-14
3.50159 134.862 0 3 -1.77636e-14 -2.84217e-14
3.19025 44.3234 0 3 -2.30926e-14 -2.13163e-14
3.33845 93.5605 0 3 -1.59872e-14 -1.42109e-14
3.60071 126.953 0 3 0 1.42109e-14
0.620892 149.11 1 4 0 2.84217e-14
3.12777 72.7037 0 3 7.10543e-15 3.55271e-14
0.510634 -94.9737 2 0 0 1.42109e-14
0.714658 112.275 4 0 0 0
0.362383 68.1963 4 0 -2.13163e-14 -5.68434e-14
0.669471 -9.70112 1 1 -7.10543e-15 1.42109e-14
3.30365 78.3031 0 3 0 0
3.28517 70.2885 0 3 -1.24345e-14 0
3.25517 64.7955 0 3 -3.55271e-15 -7.10543e-15
3.31145 61.7718 0 3 -8.88178e-15 0
0.852231 98.5721 4 0 1.42109e-14 -1.42109e-14
0.350325 -101.541 5 3 1.42109e-14 1.42109e-14
0.435352 -7.66309 1 1 0 -2.84217e-14
0.81789 -130.114 1 0 -7.10543e-15 -4.26326e-14
0.188758 70.4606 2 3 7.10543e-15 -1.42109e-14
0.728617 7.50565 5 0 1.42109e-14 -4.26326e-14
0.736381 -120.207 1 0 7.10543e-15 -2.84217e-14
3.27823 81.3628 0 3 0 7.10543e-15
0.628434 8.54127 5 0 -1.42109e-14 -2.84217e-14
0.550169 86.1073 4 0 7.10543e-15 1.42109e-14
0.596255 -158.155 5 3 -7.10543e-15 -4.26326e-14
0.316469 56.6744 3 4 1.42109e-14 0
3.19918 119.457 0 3 1.24345e-14 2.13163e-14
0.254124 -94.5051 2 0 7.10543e-15 -1.42109e-14
0.426156 48.0242 5 0 7.10543e-15 0
0.52183 154.992 3 0 0 -1.42109e-14
0.773361 143.691 3 0 -7.10543e-15 -1.42109e-14
0.937321 -97.945 2 0 7.10543e-15 2.84217e-14
0.353752 -114.116 4 3 0 -4.26326e-14
0.545497 -4.8669 0 0 0 0
3.33011 79.4687 0 3 1.42109e-14 7.10543e-15
0.590344 56.9421 2 3 -7.10543e-15 -1.42109e-14
0.342287 -74.7371 0 4 -7.10543e-15 -2.84217e-14
0.456549 28.8141 5 0 7.10543e-15 -1.42109e-14
3.62477 134.654 0 3 -1.77636e-15 -1.42109e-14
3.74108 147.522 0 3 -3.55271e-15 2.13163e-14
0.537589 -131.24 1 0 -7.10543e-15 -1.42109e-14
3.79899 164.754 0 3 -3.55271e-15 2.84217e-14
3.4248 110.02 0 3 1.24345e-14 7.10543e-15
0.584789 141.32 1 4 7.10543e-15 1.42109e-14
0.617785 69.8852 2 4 -1.42109e-14 4.26326e-14
0.642675 -140.661 5 3 -7.10543e-15 -7.10543e-14
3.36566 96.2166 0 3 -1.24345e-14 0
0.577344 83.1272 2 4 0 5.68434e-14
0.45214 -111.675 3 1 0 0
0.409201 46.4752 3 4 1.42109e-14 -2.84217e-14
3.65894 142.12 0 3 -1.42109e-14 -2.13163e-14
0.818595 -7.17838 0 0 7.10543e-15 1.42109e-14
0.599507 101.561 1 3 -7.10543e-15 -1.42109e-14
0.648845 -97.1643 4 3 0 -2.84217e-14
0.612231 96.7297 5 1 -7.10543e-15 -2.84217e-14
3.38093 95.3609 0 3 -5.32907e-15 -1.42109e-14
0.394488 -32.586 1 1 -1.42109e-14 0
3.34038 93.0311 0 3 -1.59872e-14 -7.10543e-15
0.767822 -49.4633 3 3 0 -1.42109e-14
3.16888 74.7257 0 3 3.19744e-14 1.42109e-14
0.340126 59.9626 3 4 1.42109e-14 2.84217e-14
3.43253 112.758 0 3 -1.77636e-15 -2.13163e-14
3.20269 62.428 0 3 1.42109e-14 4.26326e-14
3.2862 26.8236 0 3 1.77636e-14 2.84217e-14
3.34028 -52.0325 0 1 -1.95399e-14 0
0.41787 74.5709 4 0 2.13163e-14 2.84217e-14
3.34998 34.4133 0 3 -1.06581e-14 -1.42109e-14
0.804513 122.387 4 0 -7.10543e-15 -2.84217e-14
3.27562 121.683 0 3 -1.42109e-14 0
3.33146 47.2692 0 3 7.10543e-15 -7.10543e-15
3.36696 4.36713 0 3 1.06581e-14 2.84217e-14
0.196814 173.293 0 3 -7.10543e-15 -1.42109e-14
0.624137 -110.481 4 3 7.10543e-15 -1.42109e-14
0.592643 167.921 2 5 -7.10543e-15 1.42109e-14
3.22128 56.1919 0 3 -2.4869e-14 -2.13163e-14
3.26673 110.305 0 3 -4.61853e-14 -2.13163e-14
3.46944 104.786 0 3 -1.59872e-14 -7.10543e-15
0.402245 -92.3503 3 1 -7.10543e-15 -1.42109e-14
3.49626 120.342 0 3 7.10543e-15 3.55271e-14
0.719053 -89.9947 2 0 1.42109e-14 1.42109e-14
0.635145 -45.4812 3 3 2.13163e-14 0
0.675218 -50.7867 4 4 7.10543e-15 2.84217e-14
0.68973 -74.4242 0 4 -7.10543e-15 0
0.830934 -35.1883 2 0 3.55271e-15 1.42109e-14
0.151414 -111.663 3 1 7.10543e-15 4.26326e-14
3.59559 134.254 0 3 -2.4869e-14 0
0.389182 -112.166 2 0 -7.10543e-15 -4.26326e-14
3.69264 15.9699 5 0 -5.15143e-14 -2.13163e-14
3.51773 124.249 0 3 0 2.13163e-14
0.459912 72.5398 3 4 -7.10543e-15 0
3.35839 97.6252 0 3 3.55271e-15 7.10543e-15
0.789982 19.4424 2 3 1.42109e-14 2.84217e-14
0.530299 174.576 3 0 0 0
0.54309 -72.158 2 0 0 -1.42109e-14
0.247441 59.4413 4 0 1.42109e-14 -4.26326e-14
0.539708 -46.751 3 3 7.10543e-15 0
3.47061 108.185 0 3 3.01981e-14 2.84217e-14
0.601004 76.905 4 0 7.10543e-15 -1.42109e-14
3.35574 53.7956 0 3 -1.06581e-14 7.10543e-15
3.20485 79.6194 0 3 1.77636e-15 -7.10543e-15
3.19636 40.238 0 3 -7.10543e-15 -2.13163e-14
3.35538 123.536 0 3 -8.88178e-15 1.42109e-14
0.565885 -121.683 2 0 -7.10543e-15 -1.42109e-14
0.429889 76.5969 4 0 -7.10543e-15 -5.68434e-14
3.27876 -49.3222 0 1 -7.10543e-15 0
3.23404 68.1665 0 3 -2.66454e-14 -2.13163e-14
3.96084 170.809 0 3 0 2.84217e-14
3.24303 86.9802 0 3 1.24345e-14 -2.84217e-14
3.33012 83.9368 0 3 -2.4869e-14 -7.10543e-15
3.37519 -8.82647 5 0 -5.32907e-15 1.42109e-14
3.30772 82.7417 0 3 8.88178e-15 1.42109e-14
0.523593 34.2224 2 3 0 -1.42109e-14
0.651887 56.1276 2 3 -7.10543e-15 -2.84217e-14
3.29711 85.0391 0 3 -1.77636e-14 0
0.81969 -65.1885 2 0 3.55271e-15 2.84217e-14
3.41229 130.409 0 3 -2.13163e-14 -7.10543e-15
0.581235 79.6355 1 3 7.10543e-15 0
3.32454 84.8707 0 3 2.4869e-14 4.26326e-14
0.458777 52.4015 2 3 7.10543e-15 1.42109e-14
3.15453 61.2202 0 3 -1.42109e-14 0
0.629865 -86.4971 5 3 -7.10543e-15 -2.84217e-14
3.42885 110.974 0 3 -1.95399e-14 0
3.36764 93.3154 0 3 -5.32907e-15 0
3.2479 -49.7546 0 1 0 0
0.888696 136.59 3 0 7.10543e-15 -1.42109e-14
3.252 109.473 0 3 1.42109e-14 2.13163e-14
3.23731 50.859 0 3 1.06581e-14 2.84217e-14
0.780166 -77.9136 2 0 -7.10543e-15 -1.42109e-14
0.490773 46.1045 3 4 0 0
3.7694 144.945 0 3 -1.77636e-15 1.42109e-14
0.418452 -71.7423 2 0 1.42109e-14 2.84217e-14
3.35641 93.7565 0 3 -1.06581e-14 -1.42109e-14
0.700804 -52.7824 3 3 0 0
0.769949 175.192 1 4 -2.13163e-14 1.42109e-14
3.52291 124.749 0 3 -2.4869e-14 -2.13163e-14
3.35851 -14.4198 0 1 -5.32907e-15 1.42109e-14
0.412958 -177.483 3 0 0 0
0.395236 -125.907 1 0 1.42109e-14 -1.42109e-14
3.46272 -0.458589 0 1 -2.30926e-14 0
0.535559 -70.7916 2 0 1.06581e-14 1.42109e-14
0.750872 -2.34635 5 0 7.10543e-15 0
0.674812 130.1 3 0 7.10543e-15 -2.84217e-14
3.25815 70.7126 0 3 5.32907e-15 7.10543e-15
0.622584 -53.8959 3 3 0 0
3.45161 -5.27577 1 2 -8.88178e-15 0
0.500489 82.3307 2 3 0 1.42109e-14
0.312406 -131.513 2 1 0 0
3.25149 66.2028 0 3 1.59872e-14 2.13163e-14
3.49022 123.119 0 3 2.30926e-14 0
3.20598 47.5693 0 3 5.32907e-15 1.42109e-14
3.90138 164.917 0 3 -2.4869e-14 -7.10543e-15
3.37525 -19.2542 0 1 1.95399e-14 2.84217e-14
3.42524 105.375 0 3 -1.24345e-14 2.13163e-14
3.18289 114.817 0 3 -3.90799e-14 -3.55271e-14
3.28282 48.2773 0 3 0 0
3.63634 136.605 0 3 1.06581e-14 1.42109e-14
3.36823 96.8644 0 3 -1.06581e-14 -1.42109e-14
3.10907 103.633 0 3 4.08562e-14 1.42109e-14
0.796942 -4.21697 5 0 -1.42109e-14 -2.84217e-14
3.65929 148.757 0 3 -2.4869e-14 -2.13163e-14
0.812123 41.7627 2 3 7.10543e-15 2.84217e-14
0.659221 -137.661 1 0 0 1.42109e-14
3.64275 147.065 0 3 8.88178e-15 0
4.00093 165.567 0 3 2.13163e-14 4.26326e-14
3.21359 65.0566 0 3 8.88178e-15 -7.10543e-15
3.33046 97.8149 0 3 3.19744e-14 4.26326e-14
3.44975 120.462 0 3 -1.77636e-14 -1.42109e-14
0.607146 -54.1138 3 1 0 0
3.25662 21.0244 0 3 -1.06581e-14 -1.42109e-14
3.36884 -20.8154 0 1 4.9738e-14 5.68434e-14
0.317287 62.9187 4 0 -7.10543e-15 -2.84217e-14
0.35863 -128.188 3 1 7.10543e-15 -4.26326e-14
0.31227 3.83393 3 3 0 0
3.125 88.1903 0 3 -7.10543e-15 0
0.583434 17.717 5 0 -7.10543e-15 1.42109e-14
3.34639 89.526 0 3 7.10543e-15 3.55271e-14
0.624082 48.4752 5 0 -1.42109e-14 -1.42109e-14
0.597379 51.3647 3 4 0 -2.84217e-14
3.24969 50.0098 0 3 -5.32907e-15 -7.10543e-15
0.537992 31.7152 5 0 0 -4.26326e-14
0.751412 155.001 3 0 1.42109e-14 -4.26326e-14
0.570891 -160.426 4 3 2.84217e-14 1.42109e-14
0.216811 -15.4851 3 3 7.10543e-15 -1.42109e-14
0.386326 14.2645 0 0 7.10543e-15 -2.84217e-14
3.60208 13.8219 0 1 3.55271e-15 3.55271e-14
3.4718 119.851 0 3 -2.13163e-14 -7.10543e-15
0.671316 57.5355 2 3 -7.10543e-15 0
0.5863 56.3455 3 4 0 -1.42109e-14
0.808806 20.7496 5 0 7.10543e-15 1.42109e-14
3.85048 160.825 0 3 2.13163e-14 3.55271e-14
3.29448 109.145 0 3 -3.55271e-15 0
0.562257 -116.528 1 0 -7.10543e-15 -1.42109e-14
0.746971 83.2157 2 4 -7.10543e-15 0
3.19809 59.0394 0 3 1.06581e-14 1.42109e-14
3.62886 126.848 0 3 1.77636e-15 2.13163e-14
3.21949 37.1099 0 3 -3.55271e-15 0
3.35328 119.859 0 3 3.73035e-14 4.26326e-14
3.32076 79.2587 0 3 3.55271e-14 5.68434e-14
3.50044 121.032 0 3 -7.10543e-15 -1.42109e-14
3.22567 55.7569 0 3 5.32907e-15 0
0.500607 -114.331 2 0 0 0
3.47918 117.071 0 3 -1.59872e-14 -7.10543e-15
0.371927 63.9136 3 4 7.10543e-15 0
3.30156 40.1454 0 3 7.10543e-15 1.42109e-14
0.333251 14.2531 0 0 -7.10543e-15 -1.42109e-14
0.582722 56.785 1 3 -2.84217e-14 -2.84217e-14
3.28927 114.476 0 3 -3.55271e-14 -1.42109e-14
3.36755 99.1031 0 3 -3.55271e-15 0
3.28207 77.9927 0 3 -2.30926e-14 -2.13163e-14
0.632043 46.4758 2 3 -7.10543e-15 -1.42109e-14
0.501608 172.372 3 0 0 0
3.30671 108.458 0 3 -3.37508e-14 -2.84217e-14
0.6448 -76.567 5 3 1.77636e-14 2.84217e-14
0.268035 -150.411 2 1 7.10543e-15 -1.42109e-14
0.849719 0.752533 5 0 7.10543e-15 0
3.49753 132.022 0 3 3.55271e-15 0
3.3337 91.3703 0 3 -8.88178e-15 2.84217e-14
0.457967 36.5838 4 5 0 0
3.0647 72.1107 0 3 -3.55271e-15 0
0.566599 33.4844 5 0 -1.42109e-14 -1.42109e-14
0.633944 -121.303 2 0 -1.42109e-14 -4.26326e-14
3.50059 113.168 0 3 2.84217e-14 4.26326e-14
2.92591 79.1085 0 3 -1.24345e-14 -2.13163e-14
0.710287 -94.5431 2 0 -7.10543e-15 0
3.32879 -28.6763 0 1 -1.77636e-14 7.10543e-15
0.662383 65.2534 2 3 0 -2.84217e-14
3.29575 48.0678 0 3 3.55271e-15 -7.10543e-15
0.808565 10.4717 5 0 0 1.42109e-14
0.518591 81.2286 4 0 7.10543e-15 -1.42109e-14
3.21417 45.5194 0 3 0 1.42109e-14
0.705291 -38.0802 1 1 0 1.42109e-14
0.454703 -6.90731 1 1 1.42109e-14 1.42109e-14
3.23134 -60.2563 0 1 1.06581e-14 2.84217e-14
0.638194 59.8443 5 0 -1.42109e-14 -1.42109e-14
3.23129 81.8537 0 3 7.10543e-15 0
3.22616 75.361 0 3 1.77636e-14 0
0.562259 85.0961 2 4 -7.10543e-15 1.42109e-14
3.47252 120.347 0 3 -2.30926e-14 -7.10543e-15
0.745866 107.567 4 0 7.10543e-15 0
0.490747 38.7478 2 3 -7.10543e-15 0
3.43421 -14.9552 0 1 1.77636e-14 2.84217e-14
0.591786 -156.28 4 3 -1.42109e-14 0
0.521862 -114.764 4 3 -7.10543e-15 -1.42109e-14
3.26988 104.858 0 3 7.10543e-15 -7.10543e-15
3.45817 115.505 0 3 -1.06581e-14 -1.42109e-14
3.20897 21.9502 0 3 -7.10543e-15 -1.42109e-14
0.58082 -108.066 4 3 0 1.42109e-14
0.662229 155.961 4 1 1.42109e-14 -2.84217e-14
0.740542 -157.964 3 0 0 -1.42109e-14
3.43654 136.841 0 3 1.24345e-14 4.26326e-14
3.2514 41.449 0 3 1.06581e-14 0
3.38225 4.8157 0 3 2.4869e-14 2.84217e-14
0.898003 126.912 4 0 1.42109e-14 -1.42109e-14
0.582878 79.6321 4 0 0 -2.84217e-14
3.15976 90.7235 0 3 -1.77636e-15 0
3.2276 -62.3369 0 1 -1.24345e-14 0
0.265302 -176.145 3 0 0 1.42109e-14
3.64687 -44.8184 0 0 -3.01981e-14 -2.13163e-14
3.52981 116.617 0 3 1.06581e-14 2.84217e-14
3.56039 129.525 0 3 3.19744e-14 2.84217e-14
0.56503 81.0584 4 0 -1.42109e-14 0
3.52513 -60.9309 0 0 4.26326e-14 2.84217e-14
0.771974 -68.4173 2 0 3.55271e-15 2.84217e-14
0.670002 19.5379 5 0 0 1.42109e-14
3.32308 80.9583 0 3 3.55271e-15 0
3.43418 107.576 0 3 4.08562e-14 4.26326e-14
0.764501 147.46 0 3 0 0
0.679389 -119.879 2 0 -1.42109e-14 0
0.394048 68.4792 5 0 0 0
0.602327 76.5847 4 0 0 -4.26326e-14
0.595305 164.224 0 3 0 1.42109e-14
0.590863 169.442 0 3 0 -2.84217e-14
3.23481 -62.599 0 1 5.32907e-15 1.42109e-14
3.40502 99.126 0 3 -2.30926e-14 7.10543e-15
0.499733 -175.573 3 0 7.10543e-15 1.42109e-14
0.619822 -112.017 4 3 7.10543e-15 -4.26326e-14
0.528309 -72.392 2 0 1.42109e-14 0
3.6041 13.9013 0 1 -1.06581e-14 7.10543e-15
3.22445 61.8586 0 3 -1.95399e-14 -7.10543e-15
3.3042 90.7402 0 3 -1.24345e-14 7.10543e-15
0.620253 -54.1602 3 1 -1.77636e-14 -2.84217e-14
0.749324 117.777 4 0 -1.42109e-14 1.42109e-14
3.52403 122.417 0 3 -5.32907e-15 -7.10543e-15
3.27216 58.4792 0 3 -5.32907e-15 0
0.600358 24.4783 2 3 0 1.42109e-14
3.31569 110.692 0 3 -1.77636e-14 0
0.585995 -107.834 1 0 1.42109e-14 0
3.42081 115.735 0 3 1.59872e-14 3.55271e-14
0.356897 -11.6166 3 3 -7.10543e-15 -1.42109e-14
4.04646 179.027 0 3 6.39488e-14 4.9738e-14
3.24205 56.6163 0 3 -1.42109e-14 -1.42109e-14
3.21511 52.8294 0 3 -8.88178e-15 1.42109e-14
0.657737 -117.363 3 1 0 -4.26326e-14
0.418433 65.6163 2 3 0 0
0.49231 170.648 3 0 -1.42109e-14 -2.84217e-14
3.36891 104.779 0 3 3.55271e-15 0
0.259345 -154.001 2 1 0 -2.84217e-14
0.606274 -16.2821 3 3 0 1.42109e-14
3.40827 14.3906 0 3 0 0
3.87995 164.155 0 3 -3.90799e-14 -2.13163e-14
0.537465 89.576 5 1 -1.42109e-14 -2.84217e-14
0.554418 178.473 0 3 1.42109e-14 1.42109e-14
3.33953 98.7819 0 3 0 2.84217e-14
0.78376 -168.018 1 4 1.42109e-14 2.84217e-14
0.419416 48.6198 2 3 1.42109e-14 0
3.28715 93.0465 0 3 0 7.10543e-15
0.635245 167.97 3 0 0 -1.42109e-14
3.32322 102.472 0 3 5.32907e-15 7.10543e-15
3.46882 101.647 0 3 -3.55271e-15 -1.42109e-14
0.676975 -169.804 4 3 -1.42109e-14 -1.42109e-14
3.60423 7.40933 5 0 -3.19744e-14 -2.13163e-14
0.776454 15.4814 5 0 7.10543e-15 2.84217e-14
3.25564 69.639 0 3 3.55271e-15 -1.42109e-14
3.29428 20.3749 0 3 7.10543e-15 -1.42109e-14
3.31515 -36.2763 0 1 -3.55271e-15 1.42109e-14
0.644743 -85.2275 2 0 0 -1.42109e-14
0.825041 143.259 3 0 7.10543e-15 0
3.28474 85.6331 0 3 1.06581e-14 3.55271e-14
3.67912 137.332 0 3 -2.4869e-14 -1.42109e-14
0.42108 81.2516 4 0 7.10543e-15 0
0.567467 -0.0209096 0 0 0 0
0.407905 -133.81 4 3 0 1.42109e-14
3.2241 71.5086 0 3 -3.55271e-15 1.42109e-14
3.37308 93.123 0 3 2.84217e-14 2.84217e-14
3.26108 38.1357 0 3 -2.13163e-14 0
3.20614 54.6169 0 3 2.13163e-14 2.13163e-14
0.605447 26.1221 5 0 0 1.42109e-14
0.613594 60.7352 2 3 1.42109e-14 1.42109e-14
0.909721 135.472 4 0 0 0
3.30258 61.286 0 3 -7.10543e-15 2.13163e-14
0.658313 -124.02 1 0 7.10543e-15 -4.26326e-14
3.53537 125.931 0 3 -2.84217e-14 7.10543e-15
3.41439 107.565 0 3 1.95399e-14 2.84217e-14
0.167155 -95.614 3 1 0 2.84217e-14
0.827995 -178.143 4 3 -4.26326e-14 -5.68434e-14
0.555201 -41.9448 3 3 2.13163e-14 -1.42109e-14
0.704883 -53.0974 3 3 1.42109e-14 -1.42109e-14
0.695411 -59.355 0 4 0 -1.42109e-14
3.7063 145.326 0 3 -1.42109e-14 -7.10543e-15
3.39155 96.9558 0 3 -1.24345e-14 -7.10543e-15
0.839678 -76.0445 2 0 0 -1.42109e-14
0.827206 -48.416 3 1 1.06581e-14 1.42109e-14
0.571278 61.4092 1 3 7.10543e-15 0
3.46059 166.405 0 0 -1.06581e-14 2.84217e-14
3.78887 152.607 0 3 -1.42109e-14 -7.10543e-15
3.32611 -101.609 0 0 -8.88178e-15 -1.42109e-14
3.36915 118.38 0 3 0 -7.10543e-15
0.550107 -51.1017 3 3 -7.10543e-15 -2.84217e-14
3.50855 120.365 0 3 0 0
0.548072 34.3955 5 0 -1.42109e-14 -2.84217e-14
3.26963 77.3853 0 3 -3.01981e-14 -2.13163e-14
0.47332 78.0586 1 3 7.10543e-15 -1.42109e-14
0.419858 -127.141 3 1 7.10543e-15 0
3.2303 61.6465 0 3 -2.66454e-14 -1.42109e-14
0.574322 -111.452 2 1 0 0
0.603837 97.5993 2 4 7.10543e-15 1.42109e-14
3.5455 125.907 0 3 -1.95399e-14 0
0.695999 -45.7051 3 3 -1.42109e-14 0
0.732891 11.0815 0 0 1.42109e-14 -1.42109e-14
3.2891 -25.8999 1 2 -5.32907e-15 1.42109e-14
3.9427 173.615 0 3 -4.44089e-14 -4.9738e-14
3.59667 136.853 0 3 -2.66454e-14 0
0.750255 96.0964 1 3 2.13163e-14 -2.84217e-14
0.561366 -104.943 2 0 0 -2.84217e-14
0.432227 74.5983 4 0 2.13163e-14 2.84217e-14
3.36454 93.1062 0 3 -8.88178e-15 2.84217e-14
3.35551 98.0114 0 3 -7.10543e-15 2.13163e-14
0.510259 70.5621 2 4 1.42109e-14 -1.42109e-14
0.585706 91.8952 4 0 -7.10543e-15 -4.26326e-14
3.15152 93.5514 0 3 -2.30926e-14 -1.42109e-14
3.15898 54.1898 0 3 3.37508e-14 3.55271e-14
3.32622 36.8424 0 3 2.84217e-14 3.55271e-14
3.2798 34.8915 0 3 3.55271e-15 1.42109e-14
0.524743 72.3303 2 4 -7.10543e-15 2.84217e-14
3.1856 86.545 0 3 -7.10543e-15 -7.10543e-15
3.2406 65.1641 0 3 4.08562e-14 2.84217e-14
3.21026 95.247 0 3 5.32907e-15 0
3.326 90.5978 0 3 -3.19744e-14 -1.42109e-14
3.3164 -27.185 0 1 -2.84217e-14 -2.84217e-14
3.37155 94.0786 0 3 -1.06581e-14 -7.10543e-15
0.905579 -42.4463 5 3 1.06581e-14 1.42109e-14
3.39855 100.423 0 3 -1.42109e-14 -7.10543e-15
3.36376 -20.2388 0 1 -1.59872e-14 0
3.26767 55.4992 0 3 1.77636e-15 0
0.596154 -0.675678 0 0 -7.10543e-15 0
0.696316 -37.1546 1 1 7.10543e-15 -1.42109e-14
3.40165 122.046 0 3 -1.77636e-15 0
3.48123 117.652 0 3 1.77636e-15 2.84217e-14
3.70635 138.929 0 3 0 1.42109e-14
3.26061 45.6852 0 3 2.4869e-14 3.55271e-14
0.471356 70.9193 2 3 1.42109e-14 0
3.28044 90.4609 0 3 1.77636e-14 2.84217e-14
3.44497 112.302 0 3 1.42109e-14 4.26326e-14
0.355107 84.1667 2 3 7.10543e-15 -1.42109e-14
3.27587 68.4964 0 3 -1.59872e-14 7.10543e-15
0.644201 -121.548 2 0 7.10543e-15 -1.42109e-14
0.728313 113.592 4 0 -1.42109e-14 0
0.894765 133.074 3 0 0 0
3.24673 90.7646 0 3 7.10543e-15 2.13163e-14
3.09158 61.6227 0 3 -1.77636e-15 1.42109e-14
0.632311 78.6219 2 4 -7.10543e-15 -4.26326e-14
0.477407 -31.1301 1 1 7.10543e-15 0
0.762726 -109.226 2 0 -7.10543e-15 0
3.23232 52.6107 0 3 -1.77636e-15 0
3.33641 -103.666 0 0 -2.66454e-14 0
0.905468 -173.52 0 3 -1.42109e-14 -1.42109e-14
0.539983 53.9963 2 3 -2.13163e-14 -4.26326e-14
3.28215 77.9994 0 3 3.55271e-15 7.10543e-15
3.19181 47.9673 0 3 1.24345e-14 1.42109e-14
3.07661 78.0064 0 3 1.42109e-14 3.55271e-14
0.785172 41.5146 5 0 1.42109e-14 0
3.47809 -1.25836 0 3 -3.55271e-15 1.42109e-14
0.670954 87.7086 1 3 7.10543e-15 1.42109e-14
3.73127 26.16 0 1 3.55271e-14 4.9738e-14
3.27631 78.1808 0 3 3.90799e-14 3.55271e-14
3.59709 126.091 0 3 -1.77636e-15 7.10543e-15
3.35287 90.5302 0 3 8.88178e-15 1.42109e-14
3.22475 27.5001 0 3 -1.42109e-14 0
0.842433 -17.8122 0 0 7.10543e-15 5.68434e-14
0.562251 -170.671 4 3 0 0
3.22516 66.499 0 3 1.42109e-14 1.42109e-14
0.414541 58.2766 3 4 0 -2.84217e-14
0.559618 91.3825 1 3 -7.10543e-15 -1.42109e-14
3.46155 -1.78611 0 1 1.24345e-14 1.42109e-14
3.95738 168.239 0 3 7.99361e-14 4.9738e-14
0.526463 61.5436 2 4 2.13163e-14 1.42109e-14
0.702273 -1.95145 0 0 7.10543e-15 -4.26326e-14
3.28387 72.1712 0 3 0 1.42109e-14
3.6632 137.44 0 3 -7.10543e-15 -1.42109e-14
0.122388 50.8314 1 3 0 -2.84217e-14
0.921716 6.6585 5 0 7.10543e-15 2.84217e-14
3.65914 137.627 0 3 5.32907e-15 0
3.2644 71.6858 0 3 -7.10543e-15 -7.10543e-15
0.203593 -9.15708 3 3 -1.42109e-14 1.42109e-14
3.28803 94.387 0 3 -8.88178e-15 -1.42109e-14
4.01703 164.255 0 3 6.03961e-14 5.68434e-14
0.489548 -131.307 3 1 -7.10543e-15 2.84217e-14
0.799526 22.2474 2 3 -7.10543e-15 -2.84217e-14
0.824214 -146.271 1 0 0 -4.26326e-14
3.42281 106.407 0 3 -5.32907e-15 0
3.1709 77.3194 0 3 0 -2.13163e-14
3.32294 112.575 0 3 4.26326e-14 4.26326e-14
0.479635 -147.466 4 3 7.10543e-15 -2.84217e-14
3.33017 77.1655 0 3 -1.24345e-14 0
3.31976 83.0423 0 3 -2.30926e-14 1.42109e-14
3.48641 -4.10832 0 1 2.30926e-14 2.84217e-14
3.0463 83.9593 0 3 -1.06581e-14 -2.84217e-14
0.869211 -100.613 2 0 -7.10543e-15 0
3.2355 89.5712 0 3 -3.90799e-14 -3.55271e-14
0.464526 82.2184 1 3 0 -2.84217e-14
0.861528 -64.6814 3 3 -2.84217e-14 -5.68434e-14
0.656412 -87.0836 2 0 7.10543e-15 1.42109e-14
3.26159 69.6215 0 3 7.10543e-15 4.26326e-14
0.733206 -128.247 1 0 1.42109e-14 -1.42109e-14
0.490653 -103.775 0 4 0 0
0.34623 -135.778 2 1 7.10543e-15 -1.42109e-14
3.94082 169.43 0 3 0 3.55271e-14
0.890302 -43.9728 2 0 3.55271e-15 2.84217e-14
3.38416 102.645 0 3 8.88178e-15 1.42109e-14
3.35355 100.152 0 3 5.32907e-15 2.13163e-14
0.779725 42.1245 3 4 -2.84217e-14 -5.68434e-14
4.32176 -160.537 0 3 3.19744e-14 6.39488e-14
0.573046 -63.5919 3 1 1.42109e-14 0
0.719303 -82.9744 0 4 7.10543e-15 1.42109e-14
3.19928 53.3953 0 3 1.77636e-15 1.42109e-14
0.523878 145.183 0 3 -1.42109e-14 -2.84217e-14
3.3038 82.5205 0 3 -1.06581e-14 1.42109e-14
3.59868 139.689 0 3 3.55271e-15 0
3.33382 102.401 0 3 8.88178e-15 1.42109e-14
3.34073 79.2792 0 3 0 7.10543e-15
0.4303 57.1485 3 4 0 0
0.534454 -112.677 2 0 -7.10543e-15 0
3.30217 73.9372 0 3 -1.77636e-14 -7.10543e-15
0.621596 -58.4273 2 0 3.55271e-15 2.84217e-14
0.565325 61.5346 2 4 1.42109e-14 1.42109e-14
3.5077 119.649 0 3 -2.4869e-14 0
3.40018 18.2004 0 3 7.10543e-15 0
0.68171 40.7481 3 4 0 -1.42109e-14
3.33676 96.3914 0 3 1.06581e-14 2.13163e-14
3.65903 154.5 0 3 -2.13163e-14 0
0.537209 60.0196 4 0 0 -1.42109e-14
0.665072 158.97 3 0 -7.10543e-15 0
0.172992 50.7878 1 3 7.10543e-15 -1.42109e-14
3.61474 134.442 0 3 2.66454e-14 4.26326e-14
0.690121 -77.9422 2 0 7.10543e-15 0
0.701959 -101.843 1 0 7.10543e-15 1.42109e-14
3.39517 -19.4294 0 1 7.10543e-15 2.84217e-14
3.33208 92.0264 0 3 -8.88178e-15 -1.42109e-14
0.499739 -43.8626 3 3 1.42109e-14 1.42109e-14
0.782343 38.0654 3 4 -1.42109e-14 -2.84217e-14
0.790478 -105.869 1 0 0 0
3.764 -29.0188 0 0 2.84217e-14 2.84217e-14
3.52237 122.052 0 3 -4.44089e-14 -2.84217e-14
0.643786 170.537 1 4 0 0
0.857158 16.4832 0 0 7.10543e-15 -1.42109e-14
3.246 72.3367 0 3 1.59872e-14 1.42109e-14
4.31161 -165.412 0 3 1.77636e-14 7.10543e-15
0.834006 -172.55 0 3 0 0
3.46199 129.437 0 3 2.13163e-14 2.84217e-14
3.12958 99.973 0 3 0 7.10543e-15
3.26492 63.4888 0 3 1.42109e-14 1.42109e-14
3.36947 99.1252 0 3 -1.59872e-14 -7.10543e-15
3.23811 55.3685 0 3 -1.59872e-14 -1.42109e-14
3.45317 122.477 0 3 -2.4869e-14 0
0.382794 -68.0114 2 0 0 -1.42109e-14
0.403595 -139.638 2 1 7.10543e-15 0
3.43997 112.577 0 3 1.77636e-14 2.13163e-14
0.460061 75.6532 2 4 -7.10543e-15 -1.42109e-14
3.1829 55.2318 0 3 1.95399e-14 7.10543e-15
3.50042 112.459 0 3 -3.55271e-15 1.42109e-14
3.21186 40.2101 0 3 0 -7.10543e-15
0.667447 94.3692 2 4 1.42109e-14 0
3.53575 129.849 0 3 -1.42109e-14 -1.42109e-14
0.602192 -64.7245 2 0 -3.55271e-15 0
3.52751 120.999 0 3 2.4869e-14 2.84217e-14
3.16551 81.8844 0 3 -3.19744e-14 -7.10543e-15
0.60163 28.44 5 0 -2.13163e-14 1.42109e-14
4.24173 -170.111 0 3 5.68434e-14 5.68434e-14
3.92257 165.457 0 3 -7.10543e-15 2.13163e-14
0.630368 32.4594 5 0 0 -2.84217e-14
0.798399 -46.5084 3 3 7.10543e-15 0
0.142718 -9.6693 2 2 0 -1.42109e-14
0.391485 5.50217 0 0 -2.13163e-14 -2.84217e-14
0.595914 46.1847 5 0 0 1.42109e-14
0.670546 -173.749 4 3 0 1.42109e-14
0.463028 -2.30916 1 1 0 -1.42109e-14
0.362947 -27.5047 3 3 7.10543e-15 -2.84217e-14
0.504228 20.8608 3 3 0 -2.84217e-14
0.51511 20.0188 0 0 0 1.42109e-14
3.26562 -42.9123 0 1 3.55271e-14 2.84217e-14
0.699096 39.6321 5 0 1.42109e-14 -1.42109e-14
3.2705 87.1557 0 3 7.10543e-15 1.42109e-14
3.40182 104.086 0 3 8.88178e-15 2.13163e-14
3.65702 -39.778 0 0 -2.13163e-14 7.10543e-15
0.921852 -41.8476 0 4 7.10543e-15 0
0.59145 74.2982 3 5 -1.42109e-14 0
3.31479 102.728 0 3 1.77636e-15 7.10543e-15
3.50916 -61.5755 0 0 2.84217e-14 2.84217e-14
0.665449 -123.424 2 0 -7.10543e-15 -2.84217e-14
0.772001 11.3121 0 0 0 -1.42109e-14
3.3936 97.6224 0 3 1.42109e-14 7.10543e-15
0.434772 75.5568 4 0 0 -5.68434e-14
3.30933 8.99225 0 3 1.06581e-14 0
3.38565 -20.2327 0 1 -1.42109e-14 0
3.79726 154.47 0 3 -4.79616e-14 -2.13163e-14
3.83574 156.5 0 3 3.37508e-14 4.26326e-14
3.35122 100.056 0 3 -1.59872e-14 7.10543e-15
0.258266 61.9099 5 1 1.42109e-14 2.84217e-14
3.67483 21.8963 0 1 5.32907e-14 4.26326e-14
0.507187 -130.867 1 0 -7.10543e-15 -1.42109e-14
0.623632 -108.622 4 3 2.84217e-14 2.84217e-14
3.35185 92.8491 0 3 -7.10543e-15 -1.42109e-14
0.62171 141.809 0 3 -1.42109e-14 0
3.32225 87.7085 0 3 1.77636e-14 4.26326e-14
0.545491 61.347 5 0 -1.42109e-14 -1.42109e-14
3.39103 104.463 0 3 -3.19744e-14 -1.42109e-14
3.55652 139.191 0 3 1.42109e-14 4.26326e-14
0.424357 77.292 2 3 -1.42109e-14 0
0.829532 114.707 4 0 -1.42109e-14 0
3.21007 107.356 0 3 1.77636e-14 7.10543e-15
3.21816 57.0928 0 3 -7.10543e-15 0
3.30097 74.9307 0 3 5.32907e-15 2.13163e-14
4.28116 -159.571 0 3 -2.4869e-14 -2.13163e-14
3.2723 75.9475 0 3 0 1.42109e-14
3.20981 110.776 0 3 -1.24345e-14 0
3.30681 86.1271 0 3 0 0
0.577162 -144.745 1 0 -7.10543e-15 0
0.62639 66.5186 2 3 7.10543e-15 0
3.87482 167.312 0 3 -3.55271e-14 -7.10543e-15
0.316341 45.8687 3 4 7.10543e-15 -1.42109e-14
3.36429 114.121 0 3 0 2.13163e-14
3.31413 92.1651 0 3 -1.95399e-14 -7.10543e-15
0.633404 159.235 1 4 1.42109e-14 -1.42109e-14
3.312 9.46339 0 3 -1.06581e-14 0
0.531204 172.254 3 0 7.10543e-15 2.84217e-14
0.722313 -48.0083 1 1 7.10543e-15 -1.42109e-14
3.39316 108.96 0 3 8.88178e-15 2.13163e-14
0.610054 51.6708 3 4 0 -1.42109e-14
0.514653 88.6443 4 0 -1.42109e-14 -2.84217e-14
0.532749 92.5273 1 3 7.10543e-15 -1.42109e-14
3.73749 157.108 0 3 -1.77636e-15 7.10543e-15
0.750017 -167.284 0 3 -7.10543e-15 0
0.355212 40.6372 5 0 -7.10543e-15 2.84217e-14
0.50071 -95.7431 2 0 0 1.42109e-14
0.692155 -156.389 4 3 1.42109e-14 -1.42109e-14
0.516341 -117.519 4 3 0 -4.26326e-14
0.75704 135.666 2 5 -1.42109e-14 -2.84217e-14
3.75754 156.311 0 3 -1.59872e-14 7.10543e-15
0.746143 -47.2188 3 1 -3.55271e-15 -1.42109e-14
0.541725 -86.629 2 0 7.10543e-15 -1.42109e-14
3.59695 143.689 0 3 -1.06581e-14 7.10543e-15
3.35773 102.938 0 3 1.77636e-15 7.10543e-15
0.590269 63.6321 3 4 1.42109e-14 1.42109e-14
3.26632 66.5237 0 3 1.06581e-14 2.13163e-14
3.34838 93.7521 0 3 3.55271e-15 2.13163e-14
3.28345 -29.8588 0 1 -5.32907e-15 0
3.26322 74.7537 0 3 0 -1.42109e-14
0.887511 83.8113 4 0 0 2.84217e-14
3.45126 127.881 0 3 -1.77636e-14 0
0.607396 150.754 3 0 7.10543e-15 1.42109e-14
3.34769 14.4058 0 3 1.06581e-14 1.42109e-14
0.622225 -135.135 4 3 0 2.84217e-14
0.674605 30.2891 5 0 0 1.42109e-14
3.34164 121.758 0 3 -1.06581e-14 1.42109e-14
0.58761 -35.8436 3 3 1.42109e-14 -1.42109e-14
3.25906 44.3365 0 3 1.06581e-14 1.42109e-14
3.41605 111.615 0 3 -1.95399e-14 -1.42109e-14
4.05176 176.041 0 3 2.13163e-14 7.10543e-15
3.6816 22.5507 1 2 -2.84217e-14 -2.84217e-14
3.19125 116.611 0 3 -1.95399e-14 7.10543e-15
0.797713 166.863 2 5 -7.10543e-15 0
0.735905 37.4176 2 3 0 -1.42109e-14
3.12171 80.0741 0 3 -1.95399e-14 -2.13163e-14
3.36638 99.5736 0 3 6.75016e-14 4.9738e-14
0.779313 156.019 3 0 7.10543e-15 -2.84217e-14
3.28293 46.7001 0 3 0 0
3.41805 106.195 0 3 1.42109e-14 1.42109e-14
3.41444 108.677 0 3 -2.84217e-14 -2.13163e-14
0.791712 -50.2913 2 0 -3.55271e-15 -2.84217e-14
0.462404 -110.536 2 0 0 0
3.08521 87.006 0 3 -1.42109e-14 -1.42109e-14
3.06247 111.295 0 3 3.90799e-14 4.26326e-14
3.45657 115.971 0 3 -2.4869e-14 -2.84217e-14
3.34319 86.3309 0 3 1.24345e-14 -7.10543e-15
0.597834 -154.961 2 1 0 0
3.56997 1.18796 5 0 3.55271e-15 1.42109e-14
0.690789 98.4365 4 0 -2.13163e-14 -4.26326e-14
3.43468 -90.9057 0 0 -2.4869e-14 -1.42109e-14
0.325587 -128.172 2 1 7.10543e-15 2.84217e-14
0.48774 67.8679 2 4 7.10543e-15 4.26326e-14
0.647011 -102.62 4 3 -2.13163e-14 -1.42109e-14
0.576147 -50.6433 3 3 -7.10543e-15 0
3.13915 94.1155 0 3 -8.88178e-15 -7.10543e-15
3.40064 -79.2956 0 0 -8.88178e-15 1.42109e-14
0.607659 -122.331 1 0 -2.13163e-14 -4.26326e-14
3.26802 81.8177 0 3 -2.66454e-14 -1.42109e-14
3.19008 26.7649 0 3 1.77636e-14 3.55271e-14
0.804761 -163.599 1 0 -1.42109e-14 -7.10543e-14
0.23149 -128.057 4 3 1.42109e-14 1.42109e-14
3.38876 99.8951 0 3 3.19744e-14 3.55271e-14
3.32663 103.936 0 3 0 0
3.2745 72.1986 0 3 -3.55271e-15 0
3.23218 73.7097 0 3 -7.10543e-15 -1.42109e-14
0.802798 -179.709 4 3 0 0
0.914454 137.787 3 0 -2.84217e-14 -4.26326e-14
0.470585 -145.632 4 3 0 -2.84217e-14
0.826894 44.5678 5 0 -1.42109e-14 0
0.591936 -78.972 0 4 7.10543e-15 1.42109e-14
0.500724 38.6541 0 1 7.10543e-15 1.42109e-14
3.4483 100.98 0 3 -2.30926e-14 -2.13163e-14
0.621747 -146.866 4 3 0 0
0.226031 58.9629 3 4 7.10543e-15 1.42109e-14
0.694877 -112.436 1 0 0 -1.42109e-14
0.318341 -129.254 4 3 -1.42109e-14 -2.84217e-14
3.13605 64.3567 0 3 -1.77636e-14 -7.10543e-15
0.650898 -77.005 2 0 7.10543e-15 0
0.362189 67.8195 4 0 7.10543e-15 1.42109e-14
0.681372 30.9006 3 3 0 1.42109e-14
0.428089 10.0819 0 0 1.42109e-14 -1.42109e-14
3.18933 48.076 0 3 -4.26326e-14 -5.68434e-14
3.38853 102.529 0 3 8.88178e-15 1.42109e-14
0.453149 77.961 4 0 -7.10543e-15 1.42109e-14
0.546445 -107.748 2 1 -2.13163e-14 0
0.68117 109.769 4 0 -1.42109e-14 -2.84217e-14
3.92289 156.688 0 3 -2.66454e-14 -1.42109e-14
0.570837 -59.7353 5 3 -3.55271e-15 0
0.903259 -3.3668 0 0 0 -1.42109e-14
0.496843 -173.487 2 1 -2.84217e-14 -4.26326e-14
0.375378 -163.986 0 3 -7.10543e-15 -1.42109e-14
3.25484 38.2312 0 3 0 0
3.5631 137.455 0 3 5.32907e-15 2.13163e-14
3.36873 104.58 0 3 0 1.42109e-14
3.41972 109.339 0 3 -1.77636e-14 -3.55271e-14
0.340814 175.771 3 0 0 -1.42109e-14
3.38858 102.232 0 3 -1.24345e-14 0
0.725773 172.184 3 0 7.10543e-15 0
0.648281 107.865 4 0 -7.10543e-15 -2.84217e-14
0.122005 -139.322 2 1 3.55271e-14 0
0.639415 -114.216 2 0 -7.10543e-15 -2.84217e-14
3.03571 81.8359 0 3 -7.10543e-15 -7.10543e-15
3.29025 -37.4982 0 1 1.59872e-14 5.68434e-14
0.620512 -170.05 2 1 -1.42109e-14 0
3.53425 130.298 0 3 -5.68434e-14 -3.55271e-14
3.39092 -80.4504 0 0 -8.88178e-15 0
3.53895 140.749 0 3 -3.01981e-14 -1.42109e-14
0.59423 70.4192 5 0 2.13163e-14 0
3.25849 20.4752 0 3 3.55271e-15 2.84217e-14
3.67615 -40.0879 0 0 8.88178e-15 2.84217e-14
3.28037 76.9215 0 3 -5.32907e-15 1.42109e-14
0.182289 46.098 4 0 0 -1.42109e-14
0.397569 -15.2511 1 1 -7.10543e-15 2.84217e-14
3.20852 78.6563 0 3 1.95399e-14 4.26326e-14
4.00765 174.067 0 3 -3.90799e-14 -4.9738e-14
3.81347 160.257 0 3 -3.19744e-14 0
0.59668 170.97 1 4 1.42109e-14 -2.84217e-14
0.479046 -168.539 3 0 0 1.42109e-14
0.684077 25.4047 5 0 1.42109e-14 0
0.387911 -28.8378 3 3 7.10543e-15 1.42109e-14
0.352874 -3.14777 1 1 0 0
0.625875 -49.1134 3 3 0 0
3.26141 68.6488 0 3 8.88178e-15 1.42109e-14
3.26962 85.8731 0 3 -2.30926e-14 -1.42109e-14
3.21813 59.9291 0 3 -3.55271e-15 0
0.677167 93.3125 4 0 7.10543e-15 0
3.3568 83.4882 0 3 1.06581e-14 2.84217e-14
3.32829 101.356 0 3 -2.66454e-14 -1.42109e-14
0.738474 98.1923 5 1 -7.10543e-15 0
0.709891 155.36 1 4 1.42109e-14 1.42109e-14
3.30482 77.3125 0 3 1.95399e-14 1.42109e-14
0.272737 52.0351 0 1 1.42109e-14 0
3.98462 173.792 0 3 -2.66454e-14 -1.42109e-14
3.2491 64.8792 0 3 1.42109e-14 0
3.28955 77.6017 0 3 -2.30926e-14 -1.42109e-14
0.677754 -50.4937 1 5 -3.55271e-15 1.42109e-14
3.27043 77.5435 0 3 -1.06581e-14 -7.10543e-15
3.38725 102.412 0 3 -2.4869e-14 0
0.61327 141.687 0 3 7.10543e-15 2.84217e-14
0.544782 25.2519 5 0 -7.10543e-15 1.42109e-14
0.104306 68.7142 5 0 -7.10543e-15 1.42109e-14
0.412783 -159.547 2 1 1.42109e-14 0
3.25168 62.5066 0 3 -1.77636e-14 0
0.292188 45.1427 2 4 2.13163e-14 -2.84217e-14
3.33451 100.263 0 3 7.10543e-15 0
0.778378 -144.859 2 1 -1.42109e-14 -5.68434e-14
0.641171 8.2583 0 0 0 0
3.27084 80.5968 0 3 -1.59872e-14 -1.42109e-14
3.44824 -75.7688 0 0 -1.06581e-14 -2.13163e-14
3.1814 67.9674 0 3 -1.77636e-15 -7.10543e-15
3.30927 44.3047 0 3 3.55271e-15 7.10543e-15
3.13087 110.806 0 3 4.26326e-14 2.84217e-14
3.30907 35.3805 0 3 -3.55271e-15 0
0.45032 77.0314 1 3 2.13163e-14 -1.42109e-14
3.40627 106.361 0 3 1.77636e-15 1.42109e-14
3.44617 118.288 0 3 4.79616e-14 4.9738e-14
3.50206 5.3594 0 3 7.10543e-15 0
3.46758 -69.9586 0 0 8.88178e-15 0
3.35603 27.7184 0 3 -7.10543e-15 0
0.627164 102.906 1 3 1.42109e-14 4.26326e-14
0.687593 -101.953 2 0 0 0
0.794269 31.614 3 4 -7.10543e-15 -1.42109e-14
3.18899 74.4625 0 3 4.44089e-14 3.55271e-14
1.0349 138.57 4 0 0 0
3.20296 76.0712 0 3 -1.42109e-14 0
3.72326 140.409 0 3 1.42109e-14 2.13163e-14
3.43698 -4.99342 0 1 -4.44089e-14 -2.84217e-14
3.21116 89.7354 0 3 -1.59872e-14 -7.10543e-15
3.32763 90.6184 0 3 7.10543e-15 0
0.49586 -132.277 4 3 0 -4.26326e-14
3.49517 118.03 0 3 -3.73035e-14 -2.84217e-14
0.379836 -97.4681 0 4 7.10543e-15 0
3.54281 -56.9037 0 0 3.55271e-14 4.26326e-14
0.701105 -27.4049 1 1 -7.10543e-15 -7.10543e-14
3.11664 89.9898 0 3 -1.06581e-14 -2.13163e-14
0.571043 68.8269 2 3 7.10543e-15 -1.42109e-14
0.55873 -171.67 1 0 0 5.68434e-14
3.26701 72.4581 0 3 -1.06581e-14 -1.42109e-14
3.33023 -23.8733 0 1 1.06581e-14 1.42109e-14
0.566892 -43.0894 3 3 1.42109e-14 -1.42109e-14
3.2795 95.6124 0 3 2.66454e-14 2.84217e-14
0.555716 80.5278 2 3 0 1.42109e-14
0.343161 -161.481 4 3 -1.42109e-14 -5.68434e-14
3.23775 54.7896 0 3 3.01981e-14 3.55271e-14
3.24479 51.5825 0 3 -8.88178e-15 -7.10543e-15
0.45708 -32.9777 3 3 0 0
0.955092 -101.911 2 0 -7.10543e-15 0
0.312234 92.1501 3 4 0 -1.42109e-14
0.850069 44.8196 3 4 7.10543e-15 0
0.658147 8.2663 5 0 -7.10543e-15 -1.42109e-14
3.15969 68.1749 0 3 -1.59872e-14 -7.10543e-15
0.604474 -130.829 4 3 -7.10543e-15 -2.84217e-14
3.30084 92.7041 0 3 -1.42109e-14 0
0.631826 -77.4201 0 4 -7.10543e-15 0
3.73502 143.466 0 3 -3.55271e-15 0
0.622717 -170.713 1 0 -2.84217e-14 0
0.949412 -91.8203 2 0 7.10543e-15 1.42109e-14
3.27266 74.8533 0 3 -3.55271e-15 -7.10543e-15
3.21411 79.0335 0 3 -1.95399e-14 -7.10543e-15
3.44358 -9.17737 0 3 2.4869e-14 2.84217e-14
0.678066 39.7475 3 4 7.10543e-15 4.26326e-14
0.453065 -112.787 2 0 7.10543e-15 -1.42109e-14
3.23483 59.6465 0 3 -2.66454e-14 -2.13163e-14
3.53115 -4.33389 0 3 1.42109e-14 5.68434e-14
3.30457 -65.4715 0 1 -3.55271e-15 0
3.15 87.3261 0 3 -1.77636e-15 -7.10543e-15
3.06762 79.2317 0 3 -2.4869e-14 -1.42109e-14
3.46217 115.807 0 3 -2.4869e-14 -2.13163e-14
3.21949 38.6907 0 3 -1.77636e-14 0
3.43099 110.714 0 3 -8.88178e-15 -1.42109e-14
3.83244 167.847 0 3 -8.88178e-15 0
0.649511 60.0329 2 3 0 1.42109e-14
3.14525 93.659 0 3 8.88178e-15 1.42109e-14
0.44084 164.099 1 4 0 0
3.3263 90.3293 0 3 -1.06581e-14 -7.10543e-15
0.454 -97.1577 2 0 7.10543e-15 1.42109e-14
0.619454 82.5278 4 0 -7.10543e-15 0
3.22069 55.3148 0 3 1.59872e-14 1.42109e-14
3.32124 -36.7783 0 1 -5.32907e-15 1.42109e-14
3.37582 3.29835 0 3 -1.42109e-14 -2.84217e-14
0.626866 -70.3511 2 0 1.06581e-14 2.84217e-14
3.14162 74.2797 0 3 8.88178e-15 2.13163e-14
3.41505 103.292 0 3 -2.30926e-14 -1.42109e-14
0.84612 -29.3646 5 3 -7.10543e-15 0
3.26783 52.5932 0 3 1.42109e-14 3.55271e-14
0.608982 -169.615 0 5 -1.42109e-14 -1.42109e-14
0.622507 -56.7912 3 3 1.42109e-14 0
0.406996 156.261 0 3 -1.42109e-14 -1.42109e-14
0.710336 156.576 3 0 -1.42109e-14 -4.26326e-14
3.6433 144.302 0 3 5.50671e-14 4.9738e-14
3.37067 113.653 0 3 3.37508e-14 5.68434e-14
3.81892 154.231 0 3 -2.4869e-14 -2.84217e-14
3.56327 -56.0745 0 0 2.66454e-14 2.84217e-14
3.2007 48.7825 0 3 7.10543e-15 0
3.15701 97.3961 0 3 1.06581e-14 1.42109e-14
3.30323 77.3461 0 3 -1.06581e-14 0
0.499404 -78.8761 3 1 -3.55271e-15 0
0.779141 -133.157 1 0 0 -1.42109e-14
3.3945 -16.3603 0 1 -3.55271e-15 1.42109e-14
0.404961 54.1622 3 4 7.10543e-15 -2.84217e-14
3.42558 -78.3243 0 0 1.77636e-14 1.42109e-14
0.486559 -22.7981 1 1 0 0
0.74558 -138.616 2 1 2.84217e-14 0
0.737345 20.5717 5 0 3.55271e-14 1.42109e-14
0.326582 74.558 3 4 7.10543e-15 2.84217e-14
0.364732 159.411 3 0 7.10543e-15 -1.42109e-14
3.25108 76.8705 0 3 -5.32907e-15 0
0.340154 -151.67 4 3 1.42109e-14 0
0.308108 179.547 3 0 0 -1.42109e-14
3.21449 95.1875 0 3 -1.24345e-14 0
3.47453 113.106 0 3 4.79616e-14 4.9738e-14
0.429544 172.425 3 0 7.10543e-15 0
3.31377 102.869 0 3 1.06581e-14 7.10543e-15
3.42615 114.672 0 3 0 1.42109e-14
3.4697 111.885 0 3 3.90799e-14 2.84217e-14
0.503455 -85.5238 0 4 7.10543e-15 -1.42109e-14
0.450483 161.847 3 0 1.42109e-14 0
0.491864 46.2301 5 0 7.10543e-15 0
0.484761 29.6916 5 0 0 0
3.45204 119.304 0 3 -7.10543e-15 1.42109e-14
0.741442 95.4876 4 0 -7.10543e-15 -1.42109e-14
3.48281 119.065 0 3 3.55271e-15 2.13163e-14
3.42731 -92.608 0 0 -1.77636e-14 0
0.662269 90.5091 2 3 7.10543e-15 1.42109e-14
3.39488 109.416 0 3 3.55271e-15 -1.42109e-14
3.54626 122.772 0 3 -1.24345e-14 0
0.441129 -147.432 4 3 -7.10543e-15 -5.68434e-14
0.371951 50.5828 2 3 -7.10543e-15 0
0.449644 -89.3772 0 4 1.42109e-14 1.42109e-14
3.29504 73.5468 0 3 -1.77636e-14 -1.42109e-14
0.661476 -21.0484 3 3 0 1.42109e-14
0.875505 6.93491 5 0 -7.10543e-15 0
0.382448 167.762 3 0 -1.42109e-14 0
0.834975 -119.714 1 0 -1.42109e-14 -2.84217e-14
0.872259 -116.444 1 0 1.42109e-14 -1.42109e-14
0.720351 112.078 4 0 -7.10543e-15 -4.26326e-14
3.4638 -66.5701 0 0 2.13163e-14 1.42109e-14
0.35394 -73.2582 0 4 0 -2.84217e-14
4.27201 -166.694 0 3 -2.84217e-14 -1.42109e-14
3.28549 82.2452 0 3 3.55271e-15 2.13163e-14
0.667161 -98.2111 2 0 0 -1.42109e-14
0.344988 179.122 4 1 0 1.42109e-14
0.636859 66.3529 2 4 -7.10543e-15 -4.26326e-14
3.54416 141.431 0 3 1.95399e-14 1.42109e-14
3.39664 131.107 0 3 -1.24345e-14 -2.84217e-14
0.494866 -113.354 4 3 0 -1.42109e-14
3.1782 69.7204 0 3 -3.55271e-15 -1.42109e-14
3.30536 79.7336 0 3 -1.77636e-14 -1.42109e-14
0.245202 -179.741 3 0 0 1.42109e-14
3.33681 -37.5701 0 1 3.55271e-15 1.42109e-14
0.245231 -124.994 2 1 2.84217e-14 4.26326e-14
0.815008 -103.305 2 0 1.42109e-14 0
3.21406 111.299 0 3 -1.77636e-15 -7.10543e-15
0.758684 169.914 1 4 -7.10543e-15 -2.84217e-14
0.593871 138.186 3 0 0 1.42109e-14
3.61508 11.1083 5 0 3.01981e-14 3.55271e-14
0.523288 29.9106 2 3 1.42109e-14 2.84217e-14
0.620719 -104.825 3 1 0 2.84217e-14
0.642395 -108.989 2 0 7.10543e-15 -1.42109e-14
3.53748 7.78128 1 2 -5.32907e-15 -1.42109e-14
3.35829 42.2433 0 3 -3.55271e-15 7.10543e-15
3.38595 104.001 0 3 2.13163e-14 3.55271e-14
0.655669 -28.5893 1 1 7.10543e-15 0
3.07024 76.379 0 3 -5.32907e-15 0
0.533359 -32.9375 1 1 0 -4.26326e-14
0.722411 58.4386 3 4 -7.10543e-15 -2.84217e-14
0.642855 90.8726 5 1 -2.13163e-14 -2.84217e-14
3.71714 26.6647 0 1 2.4869e-14 3.55271e-14
3.28794 101.81 0 3 1.24345e-14 1.42109e-14
0.549239 -116.035 4 3 0 0
0.710806 -155.534 1 0 1.42109e-14 2.84217e-14
0.369852 -131.942 2 1 0 4.26326e-14
3.28447 64.5594 0 3 -1.59872e-14 0
3.53172 137.909 0 3 -1.06581e-14 -1.42109e-14
0.579964 87.891 4 0 -1.42109e-14 -2.84217e-14
0.735822 -172.043 4 3 0 -1.42109e-14
3.26873 74.6877 0 3 8.88178e-15 0
0.687809 -89.4885 1 5 -7.10543e-15 2.84217e-14
3.29444 46.5613 0 3 7.10543e-15 1.42109e-14
3.88388 169.689 0 3 3.73035e-14 3.55271e-14
3.3651 -17.1503 0 1 2.4869e-14 1.42109e-14
0.600955 -117.153 4 3 0 1.42109e-14
3.82144 146.068 0 3 -2.13163e-14 -7.10543e-15
3.31625 42.5819 0 3 2.13163e-14 4.26326e-14
3.43603 -13.2491 0 1 4.08562e-14 3.55271e-14
0.666544 110.668 4 0 -1.42109e-14 1.42109e-14
0.783471 -38.3739 3 1 0 1.42109e-14
3.42976 110.746 0 3 -7.10543e-15 7.10543e-15
0.756052 35.1286 3 4 1.42109e-14 -1.42109e-14
3.3103 86.4413 0 3 7.10543e-15 0
0.598476 154.036 0 3 -7.10543e-15 -1.42109e-14
0.541132 25.1014 2 3 0 1.42109e-14
0.519149 35.716 2 3 0 -1.42109e-14
3.51342 126.643 0 3 2.13163e-14 1.42109e-14
3.90462 163.258 0 3 -1.59872e-14 -2.13163e-14
0.779154 -98.5353 2 0 -7.10543e-15 2.84217e-14
3.34081 89.7345 0 3 7.10543e-15 2.13163e-14
3.2232 63.2957 0 3 -2.13163e-14 -2.13163e-14
3.29868 87.3727 0 3 -1.24345e-14 0
3.23634 71.6022 0 3 0 1.42109e-14
0.821422 169.199 4 3 0 -1.42109e-14
3.24123 62.9541 0 3 -7.10543e-15 0
3.18628 50.2829 0 3 5.32907e-15 2.13163e-14
3.28638 83.1871 0 3 1.95399e-14 2.84217e-14
0.839849 -85.0028 1 5 7.10543e-15 0
3.52727 125.59 0 3 3.55271e-15 1.42109e-14
3.48731 126.991 0 3 7.10543e-15 1.42109e-14
3.45248 105.883 0 3 3.01981e-14 2.84217e-14
3.23828 41.3844 0 3 1.42109e-14 1.42109e-14
3.41601 121.465 0 3 -2.4869e-14 -2.13163e-14
0.807841 -41.9172 2 0 -3.55271e-15 -1.42109e-14
3.16279 71.64 0 3 1.42109e-14 2.13163e-14
3.39233 101.651 0 3 3.01981e-14 3.55271e-14
0.843599 100.364 2 4 0 1.42109e-14
3.30267 91.0268 0 3 -5.32907e-15 0
3.16947 85.3864 0 3 -1.24345e-14 -1.42109e-14
3.72137 152.107 0 3 -2.30926e-14 0
3.35018 74.6157 0 3 -1.42109e-14 -2.84217e-14
3.58653 135.377 0 3 3.55271e-15 3.55271e-14
0.710586 -80.9016 2 0 0 1.42109e-14
3.43729 -7.60154 0 1 -1.59872e-14 0
3.23652 59.0923 0 3 -1.42109e-14 0
0.60948 103.778 4 0 0 -1.42109e-14
4.19518 177.65 0 3 -1.77636e-14 -1.42109e-14
0.648878 10.3449 5 0 -1.42109e-14 -1.42109e-14
3.80625 164.074 0 3 -3.90799e-14 -2.84217e-14
4.25935 -155.082 0 3 6.75016e-14 7.81597e-14
3.25758 76.7992 0 3 1.42109e-14 1.42109e-14
0.667388 -78.3114 2 0 0 0
3.10825 88.1166 0 3 2.30926e-14 2.84217e-14
3.30934 90.1175 0 3 1.77636e-15 1.42109e-14
3.25407 57.729 0 3 2.30926e-14 1.42109e-14
0.272973 65.006 3 4 -7.10543e-15 -1.42109e-14
0.494149 24.3463 0 0 0 0
3.25795 99.1398 0 3 -7.10543e-15 -7.10543e-15
0.456087 -140.959 2 1 -7.10543e-15 -4.26326e-14
0.238229 79.648 3 4 7.10543e-15 0
0.363354 -149.5 2 1 -7.10543e-15 -2.84217e-14
0.791433 -66.5546 3 3 0 -1.42109e-14
0.625526 -27.6949 1 1 -1.42109e-14 -2.84217e-14
3.52351 130.978 0 3 0 2.13163e-14
3.47336 139.823 0 3 -1.06581e-14 -7.10543e-15
0.912688 175.985 0 3 0 1.42109e-14
0.78817 29.7532 0 0 1.42109e-14 0
3.24376 80.9229 0 3 7.10543e-15 2.13163e-14
0.782379 -84.4685 2 0 7.10543e-15 0
3.36611 100.149 0 3 1.42109e-14 1.42109e-14
0.894035 134.137 4 0 1.42109e-14 1.42109e-14
0.680307 103.02 1 3 1.42109e-14 -1.42109e-14
3.54266 130.549 0 3 1.24345e-14 1.42109e-14
3.14952 70.5825 0 3 0 1.42109e-14
0.731 99.8475 3 5 -7.10543e-15 0
0.432794 -15.8213 1 1 0 -2.84217e-14
0.391236 175.329 0 3 7.10543e-15 -1.42109e-14
0.476501 -14.9707 1 1 0 0
3.57515 139.321 0 3 3.19744e-14 2.84217e-14
3.47968 119.045 0 3 4.08562e-14 2.13163e-14
3.38549 113.583 0 3 -1.24345e-14 -7.10543e-15
0.445233 73.7725 3 5 2.13163e-14 2.84217e-14
0.72618 -122.321 2 0 7.10543e-15 1.42109e-14
3.40763 114.982 0 3 -3.55271e-14 -2.84217e-14
0.564095 89.5006 4 0 7.10543e-15 -1.42109e-14
0.201325 76.9239 2 3 7.10543e-15 0
3.24413 125.119 0 3 -3.01981e-14 -1.42109e-14
0.537236 -131.884 4 3 -7.10543e-15 -1.42109e-14
0.697501 64.3425 2 3 0 0
0.648838 20.4861 3 3 0 0
0.770293 -151.274 1 0 -1.42109e-14 0
0.48017 -142.998 0 5 2.84217e-14 2.84217e-14
3.49694 119.877 0 3 -1.77636e-14 -2.13163e-14
0.488002 30.9662 5 0 0 0
3.42329 108.587 0 3 8.88178e-15 7.10543e-15
0.701769 -134.396 2 1 -2.13163e-14 -2.84217e-14
0.561495 -31.9814 1 1 7.10543e-15 0
3.32597 87.0316 0 3 -1.42109e-14 0
3.30095 51.6712 0 3 1.42109e-14 2.84217e-14
3.35811 91.1997 0 3 -7.10543e-15 1.42109e-14
0.610951 -141.958 2 0 -7.10543e-15 -1.42109e-14
3.18213 45.0253 0 3 -8.88178e-15 0
0.62418 140.333 0 3 2.13163e-14 4.26326e-14
0.563752 153.811 3 0 0 0
3.56936 131.693 0 3 1.77636e-15 0
0.677971 -170.56 4 3 0 -2.84217e-14
0.843691 175.011 1 0 -1.42109e-14 2.84217e-14
3.30368 81.1232 0 3 -1.06581e-14 1.42109e-14
3.62901 149.678 0 3 0 7.10543e-15
3.47357 0.466475 0 1 -1.24345e-14 -7.10543e-15
0.614185 -117.814 4 3 2.84217e-14 -1.42109e-14
3.13701 83.1675 0 3 -1.77636e-15 1.42109e-14
3.53097 130.375 0 3 -3.55271e-14 0
0.39799 -22.8776 1 1 0 0
0.635198 160.746 3 0 1.42109e-14 1.42109e-14
0.592608 -5.83043 0 0 2.13163e-14 -1.42109e-14
0.589273 -3.18747 0 0 0 0
0.57348 -3.50067 3 3 0 1.42109e-14
0.711166 36.0708 5 0 7.10543e-15 0
3.44349 6.44033 0 3 1.06581e-14 -1.42109e-14
0.826665 -115.402 2 0 0 -2.84217e-14
0.690461 -62.192 0 4 -1.06581e-14 -1.42109e-14
0.200299 -0.31162 3 3 2.13163e-14 0
3.4785 -2.49572 0 1 -1.24345e-14 1.42109e-14
0.449661 157.801 3 0 7.10543e-15 1.42109e-14
3.35188 94.8868 0 3 -5.32907e-15 0
0.641909 150.441 3 0 -1.42109e-14 -1.42109e-14
0.559452 162.216 2 5 7.10543e-15 0
0.501616 69.6958 2 4 0 4.26326e-14
3.95893 171.403 0 3 6.21725e-14 4.9738e-14
3.43836 110.21 0 3 -1.24345e-14 0
3.29915 89.4532 0 3 -1.06581e-14 -1.42109e-14
3.25987 19.5619 0 3 7.10543e-15 1.42109e-14
3.36063 97.399 0 3 -1.59872e-14 -2.84217e-14
0.335476 63.8639 2 4 0 -4.26326e-14
0.61961 -111.764 2 0 0 0
3.26338 70.4614 0 3 -1.42109e-14 -1.42109e-14
0.415134 179.227 0 3 1.42109e-14 0
0.50976 3.47179 0 0 0 0
0.604162 -48.4691 1 1 -7.10543e-15 -1.42109e-14
0.678485 45.8304 2 3 -2.13163e-14 1.42109e-14
0.690211 34.3892 3 4 -7.10543e-15 -1.42109e-14
3.48995 122.023 0 3 -8.88178e-15 -7.10543e-15
3.88295 177.676 0 3 -3.73035e-14 -1.42109e-14
0.380145 168.128 3 0 7.10543e-15 0
0.359473 -2.29552 1 1 0 -1.42109e-14
3.56233 131.839 0 3 -2.66454e-14 -2.84217e-14
3.3281 120.27 0 3 7.10543e-15 7.10543e-15
3.26765 61.3138 0 3 -3.01981e-14 -1.42109e-14
0.332935 -73.4655 2 0 -3.55271e-15 0
0.684916 146.131 0 3 0 0
3.7632 153.907 0 3 1.77636e-14 2.13163e-14
3.37532 94.7721 0 3 2.13163e-14 2.84217e-14
0.753499 -166.948 2 5 7.10543e-15 -1.42109e-14
0.880937 -168.103 2 1 1.42109e-14 1.42109e-14
3.56703 129.15 0 3 -8.88178e-15 -7.10543e-15
0.550103 -82.5729 2 0 -7.10543e-15 -1.42109e-14
0.656683 82.5204 2 4 1.42109e-14 0
0.577806 43.0798 3 4 0 0
3.38606 95.1897 0 3 1.06581e-14 2.13163e-14
0.297209 -11.2647 1 1 -7.10543e-15 0
0.685329 -87.8396 3 1 -7.10543e-15 -1.42109e-14
3.30103 27.2029 0 3 -1.42109e-14 -1.42109e-14
3.60721 131.767 0 3 1.06581e-14 3.55271e-14
0.648151 -103.258 4 3 7.10543e-15 -2.84217e-14
3.29964 31.3877 0 3 3.55271e-15 0
3.38773 96.7661 0 3 -3.55271e-15 -7.10543e-15
3.26761 32.9976 0 3 1.06581e-14 4.26326e-14
3.33031 107.674 0 3 -1.77636e-14 0
3.26973 67.7697 0 3 -3.37508e-14 -2.13163e-14
0.542687 -124.467 1 0 0 2.84217e-14
3.41116 111.016 0 3 1.95399e-14 1.42109e-14
0.379928 64.5236 3 4 7.10543e-15 0
3.42289 99.2323 0 3 1.06581e-14 3.55271e-14
3.36287 10.2151 0 3 1.06581e-14 1.42109e-14
0.393494 67.3902 2 3 0 0
3.48898 -67.2567 0 0 -1.77636e-15 -1.42109e-14
0.484436 -172.919 2 5 7.10543e-15 0
3.75729 141.837 0 3 1.59872e-14 1.42109e-14
3.41294 108.408 0 3 -2.84217e-14 -7.10543e-15
3.30237 -55.2023 0 1 -1.06581e-14 1.42109e-14
0.200881 82.6719 2 3 7.10543e-15 0
3.89307 160.657 0 3 -3.01981e-14 -4.26326e-14
0.600037 4.04688 0 0 0 -1.42109e-14
0.789386 117.931 4 0 0 -1.42109e-14
0.350212 -158.671 2 1 1.42109e-14 -1.42109e-14
3.34575 91.5474 0 3 1.59872e-14 1.42109e-14
3.36968 65.4248 0 3 -1.77636e-15 1.42109e-14
0.273877 79.3945 2 3 -1.42109e-14 -1.42109e-14
0.421205 169.713 2 5 -7.10543e-15 -1.42109e-14
3.15831 103.909 0 3 3.55271e-15 4.26326e-14
0.594145 -69.3266 2 0 -1.06581e-14 0
0.85196 6.16242 0 0 1.42109e-14 1.42109e-14
3.55268 138.205 0 3 -4.44089e-14 -2.84217e-14
3.3367 -13.908 5 0 7.10543e-15 1.42109e-14
0.77871 101.184 1 3 0 -1.42109e-14
0.628117 -100.709 2 1 0 -2.84217e-14
3.24563 57.7823 0 3 -3.19744e-14 -7.10543e-15
3.14584 93.237 0 3 3.01981e-14 0
0.444579 163.23 3 0 7.10543e-15 -1.42109e-14
3.343 -28.8233 0 1 -3.19744e-14 0
3.38155 -17.0957 0 1 -1.59872e-14 2.84217e-14
0.549146 10.1108 3 3 0 0
0.527713 -41.8827 3 3 -7.10543e-15 1.42109e-14
3.78938 152.754 0 3 -3.55271e-15 -2.13163e-14
3.25208 67.1029 0 3 -2.84217e-14 -2.84217e-14
3.43331 -4.95791 1 2 -2.66454e-14 0
0.709301 -58.9636 3 3 -1.42109e-14 1.42109e-14
3.34849 96.646 0 3 -4.08562e-14 -2.13163e-14
3.48927 35.0026 0 3 1.42109e-14 1.42109e-14
0.484741 162.053 0 3 0 0
3.2454 56.7667 0 3 -2.13163e-14 -2.13163e-14
0.74807 -124.63 2 0 0 1.42109e-14
0.744247 -129.9 1 0 0 -2.84217e-14
3.27839 74.8936 0 3 -1.77636e-14 -7.10543e-15
0.841201 110.575 1 3 2.13163e-14 1.42109e-14
0.563765 34.3567 5 0 2.13163e-14 0
0.491545 80.431 3 4 -1.42109e-14 0
0.48957 14.3794 0 0 0 -1.42109e-14
0.732457 -17.9618 1 1 -7.10543e-15 -4.26326e-14
0.908674 23.8304 3 4 1.42109e-14 -4.26326e-14
3.37755 102.545 0 3 -1.24345e-14 0
0.624423 -128.068 3 1 -1.42109e-14 2.84217e-14
0.727098 -7.90699 0 0 7.10543e-15 0
3.37936 98.889 0 3 -2.66454e-14 -2.84217e-14
0.642042 17.6553 5 0 0 1.42109e-14
3.31115 90.2459 0 3 -1.42109e-14 -1.42109e-14
0.204442 -137.334 2 1 -2.13163e-14 -1.42109e-14
0.939621 130.429 4 0 0 0
3.36247 107.478 0 3 -8.88178e-15 -1.42109e-14
0.903528 -90.7346 2 0 7.10543e-15 0
3.52775 4.82064 0 1 -2.66454e-14 -1.42109e-14
3.34142 87.5656 0 3 -1.42109e-14 -1.42109e-14
3.45002 109.998 0 3 -1.06581e-14 3.55271e-14
3.13914 88.5531 0 3 5.32907e-15 0
0.804788 -56.8069 3 3 2.13163e-14 -1.42109e-14
0.715915 -122.295 2 0 7.10543e-15 0
0.831473 20.7699 0 0 -7.10543e-15 -1.42109e-14
0.277099 56.7927 1 3 -7.10543e-15 -1.42109e-14
3.26952 73.6213 0 3 -3.55271e-15 7.10543e-15
3.60812 130.982 0 3 -4.61853e-14 -3.55271e-14
0.769555 170.097 2 1 1.42109e-14 -8.52651e-14
3.13714 53.1833 0 3 -8.88178e-15 -1.42109e-14
3.46154 115.162 0 3 1.59872e-14 2.13163e-14
0.831373 114.145 1 3 0 1.42109e-14
3.5395 -57.9448 0 0 1.95399e-14 2.84217e-14
3.66173 134.97 0 3 3.55271e-15 7.10543e-15
3.37934 95.5798 0 3 -5.32907e-15 -7.10543e-15
0.548396 97.4516 4 0 -2.84217e-14 -1.42109e-14
0.724444 -164.066 1 4 7.10543e-15 -1.42109e-14
3.42694 -81.3803 0 0 -5.32907e-15 -1.42109e-14
0.403071 -1.78884 1 1 7.10543e-15 0
0.51889 -135.424 1 0 0 4.26326e-14
4.22029 -162.465 0 3 -1.77636e-14 7.10543e-15
3.64775 150.828 0 3 -7.10543e-15 -1.42109e-14
0.562351 -129.007 1 0 1.42109e-14 0
3.41765 115.984 0 3 -1.77636e-14 -2.84217e-14
3.47358 116.131 0 3 -1.95399e-14 0
0.74408 27.0592 5 0 0 1.42109e-14
3.58483 133.799 0 3 -5.32907e-15 -1.42109e-14
0.387061 -139.955 2 1 0 -1.42109e-14
3.29572 117.014 0 3 -2.4869e-14 -1.42109e-14
3.41153 107.127 0 3 -4.26326e-14 -1.42109e-14
0.618842 -80.2492 2 0 7.10543e-15 -1.42109e-14
3.45825 115.863 0 3 -2.4869e-14 0
0.458987 55.6746 5 0 0 0
3.35411 -87.2837 0 0 -2.13163e-14 -1.42109e-14
3.52138 121.923 0 3 -4.79616e-14 -4.9738e-14
3.31879 63.6037 0 3 -1.24345e-14 -7.10543e-15
0.547569 -123.222 2 0 1.42109e-14 0
3.99788 170.445 0 3 0 3.55271e-14
0.810429 -54.9626 2 0 0 0
3.554 126.92 0 3 -1.59872e-14 2.13163e-14
0.596324 -165.427 3 0 -7.10543e-15 0
0.641178 82.0243 3 5 -1.42109e-14 0
3.37534 131.475 0 3 1.95399e-14 1.42109e-14
0.730974 91.8597 2 4 -1.42109e-14 0
0.679322 99.2274 2 4 -7.10543e-15 0
3.20474 77.0345 0 3 1.77636e-15 7.10543e-15
3.292 72.5259 0 3 5.32907e-15 -7.10543e-15
0.272983 -136.782 2 1 -2.84217e-14 0
3.44152 121.248 0 3 2.13163e-14 2.84217e-14
3.34066 -28.484 0 1 -2.13163e-14 -2.13163e-14
0.582049 -77.111 2 0 1.06581e-14 1.42109e-14
3.24709 102.417 0 3 1.24345e-14 7.10543e-15
3.13278 98.3927 0 3 -1.95399e-14 -7.10543e-15
3.38697 -92.6625 0 0 1.77636e-15 1.42109e-14
0.538594 -167.502 3 0 7.10543e-15 0
3.21703 34.4963 0 3 7.10543e-15 1.42109e-14
0.5135 90.0166 4 0 7.10543e-15 1.42109e-14
3.24805 68.4052 0 3 2.4869e-14 2.84217e-14
3.42765 120.559 0 3 5.32907e-15 7.10543e-15
3.20611 27.2224 0 3 -1.77636e-14 -1.42109e-14
3.4134 112.46 0 3 -1.77636e-14 0
0.779903 21.4438 5 0 7.10543e-15 -2.84217e-14
0.759307 119.484 4 0 1.42109e-14 1.42109e-14
3.45757 104.162 0 3 -1.77636e-14 0
3.64871 20.0261 1 2 3.01981e-14 4.26326e-14
0.584311 -144.746 2 1 1.42109e-14 2.84217e-14
0.484568 80.473 1 3 7.10543e-15 0
0.571056 -153.088 2 1 0 4.26326e-14
0.529199 -26.665 3 3 7.10543e-15 -1.42109e-14
3.24747 69.8403 0 3 -1.95399e-14 -7.10543e-15
3.58943 -50.1269 0 0 5.32907e-15 -7.10543e-15
3.40633 102.795 0 3 -1.59872e-14 -2.84217e-14
0.509113 156.611 0 3 2.13163e-14 1.42109e-14
0.465106 75.7493 4 0 0 -2.84217e-14
0.685922 97.9507 3 5 7.10543e-15 2.84217e-14
0.844262 112.048 3 5 0 -1.42109e-14
0.568224 -49.9597 1 1 -7.10543e-15 0
3.33805 90.4687 0 3 -2.13163e-14 -2.13163e-14
0.382116 47.5913 3 4 7.10543e-15 0
4.16152 -172.959 0 3 2.13163e-14 3.55271e-14
0.582576 -124.238 4 3 -7.10543e-15 -4.26326e-14
0.531295 -43.8346 1 1 3.55271e-14 1.42109e-14
3.83877 160.858 0 3 3.37508e-14 2.84217e-14
0.682859 22 5 0 -7.10543e-15 -4.26326e-14
3.32435 78.1244 0 3 -8.88178e-15 7.10543e-15
3.32719 107.7 0 3 0 -7.10543e-15
0.849509 2.94277 5 0 -2.13163e-14 -4.26326e-14
0.802959 44.2145 2 3 1.42109e-14 1.42109e-14
3.21115 33.2886 0 3 0 -1.42109e-14
0.861794 -175.946 1 0 2.84217e-14 -1.42109e-14
3.38794 81.6158 0 3 3.55271e-15 1.42109e-14
3.40772 108.48 0 3 0 7.10543e-15
0.403651 82.1223 4 0 -7.10543e-15 -5.68434e-14
0.833196 -29.8077 0 4 0 0
3.99401 -179.711 0 3 2.4869e-14 3.55271e-14
3.28027 13.5482 0 3 -2.13163e-14 -1.42109e-14
0.643173 68.8031 4 0 -7.10543e-15 0
0.687796 151.876 3 0 -1.42109e-14 -1.42109e-14
0.807685 -1.49007 0 0 0 2.84217e-14
0.130772 177.587 0 3 -7.10543e-15 -1.42109e-14
3.34479 94.3783 0 3 1.77636e-15 2.84217e-14
3.27441 90.6826 0 3 1.24345e-14 7.10543e-15
3.32819 -34.8923 0 1 -1.59872e-14 0
0.306653 -80.6697 1 5 0 -1.42109e-14
0.267203 64.3638 1 3 0 -1.42109e-14
3.40601 135.859 0 3 -3.55271e-15 7.10543e-15
3.58369 -48.9435 0 0 -7.10543e-15 7.10543e-15
3.42709 110.439 0 3 -1.77636e-15 1.42109e-14
0.745537 -45.1562 3 3 -1.42109e-14 -5.68434e-14
0.549629 -130.01 4 3 7.10543e-15 1.42109e-14
0.402447 -146.639 4 3 0 -1.42109e-14
3.4081 109.346 0 3 -1.24345e-14 0
3.27881 102.543 0 3 -1.95399e-14 1.42109e-14
0.19152 -10.2634 1 1 2.13163e-14 0
3.3015 92.207 0 3 -3.19744e-14 -2.13163e-14
3.11387 80.3318 0 3 1.06581e-14 2.13163e-14
3.30024 -49.2664 0 1 1.77636e-14 4.26326e-14
0.340382 -30.2039 3 3 -1.42109e-14 -1.42109e-14
0.509516 69.892 4 0 -2.13163e-14 -4.26326e-14
3.17418 82.713 0 3 1.77636e-15 0
3.39925 106.92 0 3 8.88178e-15 -7.10543e-15
3.17628 108.061 0 3 -1.59872e-14 -7.10543e-15
0.594838 13.2889 0 0 7.10543e-15 0
4.11532 -176.875 0 3 1.42109e-14 2.13163e-14
3.66978 151.724 0 3 -3.01981e-14 0
0.860556 -121.917 1 0 -1.42109e-14 -1.42109e-14
3.25783 40.9679 0 3 1.77636e-14 1.42109e-14
0.70877 52.0728 2 3 7.10543e-15 0
3.52888 -58.0715 0 0 4.9738e-14 4.26326e-14
0.488789 -20.5919 3 3 1.42109e-14 2.84217e-14
0.604882 -91.1843 2 1 1.42109e-14 1.42109e-14
0.781043 -126.127 1 0 -1.42109e-14 -2.84217e-14
3.37018 87.4858 0 3 -1.42109e-14 -1.42109e-14
3.74322 156.299 0 3 -1.59872e-14 0
3.28058 90.9503 0 3 -1.24345e-14 -7.10543e-15
3.36183 93.9589 0 3 -1.42109e-14 0
3.41254 103.807 0 3 -1.24345e-14 0
0.692488 82.0402 2 4 -7.10543e-15 -2.84217e-14
0.900622 117.246 5 1 7.10543e-15 -1.42109e-14
0.4134 34.7013 5 0 -1.42109e-14 -1.42109e-14
0.305519 62.4433 1 3 -7.10543e-15 -2.84217e-14
0.611906 -8.42764 1 1 1.42109e-14 1.42109e-14
3.42852 113.335 0 3 7.10543e-15 1.42109e-14
3.33928 86.8212 0 3 -5.32907e-15 0
0.16469 -97.2242 1 5 1.42109e-14 0
3.23542 71.5995 0 3 1.06581e-14 2.84217e-14
3.33824 88.7401 0 3 3.55271e-15 2.13163e-14
3.0986 70.9047 0 3 4.26326e-14 2.84217e-14
3.72847 153.478 0 3 3.37508e-14 5.68434e-14
3.73695 147.143 0 3 5.32907e-15 2.13163e-14
0.711696 -62.5358 3 3 0 -1.42109e-14
0.431501 82.7768 3 5 7.10543e-15 2.84217e-14
3.39817 113.575 0 3 -1.95399e-14 -2.13163e-14
0.598247 -116.798 4 3 7.10543e-15 -1.42109e-14
3.50644 118.907 0 3 -1.06581e-14 7.10543e-15
0.124729 -144.654 2 1 0 1.42109e-14
3.1866 51.9601 0 3 3.55271e-15 7.10543e-15
0.706367 112.213 5 1 7.10543e-15 1.42109e-14
4.03369 -179.361 0 3 -6.03961e-14 -4.26326e-14
3.31922 105.897 0 3 0 1.42109e-14
3.36029 99.9092 0 3 -2.30926e-14 -7.10543e-15
3.33208 -33.2253 0 1 -1.24345e-14 0
3.48958 130.78 0 3 1.77636e-15 1.42109e-14
3.71312 151.506 0 3 -1.77636e-15 -2.13163e-14
0.521442 74.3945 4 0 -1.42109e-14 2.84217e-14
0.381478 -74.1595 3 1 -3.55271e-15 0
3.182 68.0272 0 3 -1.59872e-14 -2.13163e-14
0.585476 -113.997 3 1 -7.10543e-15 -2.84217e-14
3.40279 -81.2818 0 0 2.66454e-14 2.84217e-14
0.556725 73.2065 1 3 -7.10543e-15 -2.84217e-14
3.36432 101.996 0 3 4.26326e-14 4.26326e-14
0.465421 -175.32 0 3 0 1.42109e-14
0.241841 -92.356 2 0 0 0
3.13668 100.333 0 3 -3.55271e-15 -7.10543e-15
0.13993 71.8528 2 3 7.10543e-15 0
3.2033 112.76 0 3 -3.55271e-14 -2.84217e-14
0.607288 -118.068 1 0 -7.10543e-15 -1.42109e-14
0.352571 76.2403 1 3 2.13163e-14 2.84217e-14
3.96825 164.986 0 3 -1.24345e-14 1.42109e-14
0.421416 -122.267 4 3 -7.10543e-15 0
3.51464 125.739 0 3 -1.59872e-14 0
0.791718 -82.6011 3 1 0 0
0.434162 73.9397 4 0 7.10543e-15 -4.26326e-14
0.264156 166.077 3 0 -1.42109e-14 -1.42109e-14
3.24872 67.1558 0 3 -8.88178e-15 -1.42109e-14
0.605864 177.096 3 0 -7.10543e-15 -1.42109e-14
3.27727 42.3146 0 3 1.06581e-14 1.42109e-14
0.64113 -18.8103 3 3 7.10543e-15 0
3.32327 -34.7812 0 1 3.19744e-14 1.42109e-14
3.45708 121.316 0 3 -2.84217e-14 -2.84217e-14
0.431724 175.651 0 3 1.42109e-14 0
0.585099 88.9105 4 0 7.10543e-15 -2.84217e-14
0.850461 24.7659 0 0 -7.10543e-15 -2.84217e-14
0.676559 106.868 3 5 0 2.84217e-14
4.16623 -178.337 0 3 0 1.42109e-14
3.60297 148.07 0 3 -1.95399e-14 7.10543e-15
0.585339 -94.4106 4 3 -1.42109e-14 0
0.676338 8.07557 3 3 0 1.42109e-14
0.618408 82.2481 2 4 2.13163e-14 1.42109e-14
3.42387 115.872 0 3 5.15143e-14 6.39488e-14
3.24341 69.1118 0 3 6.03961e-14 4.26326e-14
4.29415 -162.354 0 3 -1.42109e-14 -2.13163e-14
0.184387 -94.2416 2 0 -7.10543e-15 2.84217e-14
3.32174 86.9386 0 3 3.19744e-14 4.26326e-14
3.41406 112.721 0 3 4.61853e-14 4.26326e-14
3.21201 93.5664 0 3 -2.13163e-14 -2.84217e-14
3.27637 19.8594 0 3 1.06581e-14 0
3.34445 94.5609 0 3 3.73035e-14 6.39488e-14
3.67803 143.482 0 3 -3.19744e-14 -1.42109e-14
0.223875 -111.63 2 0 0 0
3.12506 70.5882 0 3 5.32907e-15 7.10543e-15
0.51809 10.9669 0 0 0 0
3.123 88.2495 0 3 7.10543e-15 1.42109e-14
0.662903 177.573 1 4 1.42109e-14 1.42109e-14
3.31375 93.955 0 3 3.19744e-14 3.55271e-14
4.01541 -178.977 0 3 4.61853e-14 3.55271e-14
0.352578 1.80607 1 1 0 0
3.32894 8.97029 0 3 1.42109e-14 2.84217e-14
3.53979 134.928 0 3 -1.06581e-14 0
0.890714 5.97592 0 0 0 -1.42109e-14
0.578071 69.8928 1 3 0 2.84217e-14
0.799971 -39.8678 2 0 0 0
3.46256 -72.9837 0 0 -1.95399e-14 0
3.61521 129.583 0 3 5.32907e-15 -7.10543e-15
3.35934 23.7017 0 3 -3.55271e-15 1.42109e-14
3.23766 63.7698 0 3 -1.95399e-14 -1.42109e-14
0.367315 -93.2721 2 0 7.10543e-15 -1.42109e-14
3.47752 117.921 0 3 6.03961e-14 9.23706e-14
0.473064 49.6045 2 3 0 -1.42109e-14
0.65441 97.0807 5 1 1.42109e-14 -1.42109e-14
3.83672 171.166 0 3 2.66454e-14 2.84217e-14
0.341463 -83.59 5 3 0 1.42109e-14
0.618219 37.5292 3 4 1.42109e-14 -1.42109e-14
3.24849 61.5681 0 3 1.95399e-14 3.55271e-14
3.31248 86.5741 0 3 -3.55271e-15 7.10543e-15
3.60632 131.593 0 3 -2.84217e-14 -1.42109e-14
0.412507 -36.3093 3 3 -1.42109e-14 -4.26326e-14
3.96065 176.551 0 3 -3.55271e-15 7.10543e-15
0.626331 -133.509 2 0 0 4.26326e-14
3.22623 65.2324 0 3 -3.55271e-15 0
3.27523 73.4051 0 3 -3.01981e-14 -2.84217e-14
0.928217 -98.8756 2 0 -7.10543e-15 1.42109e-14
3.24796 34.6412 0 3 -7.10543e-15 0
0.335395 -139.252 1 0 -1.42109e-14 -4.26326e-14
3.5367 146.995 0 3 -1.59872e-14 -2.84217e-14
3.33776 -30.5115 0 1 2.4869e-14 2.84217e-14
0.693533 106.632 4 0 7.10543e-15 -1.42109e-14
0.432001 -81.4006 0 4 -7.10543e-15 -1.42109e-14
0.507844 89.8938 4 0 0 0
3.39629 103.905 0 3 -3.01981e-14 -7.10543e-15
0.632606 106.033 4 0 7.10543e-15 5.68434e-14
0.29537 71.4288 1 3 7.10543e-15 1.42109e-14
0.702291 171.119 0 3 -7.10543e-15 -2.84217e-14
0.635086 -84.9785 2 0 7.10543e-15 1.42109e-14
3.12127 95.1671 0 3 -1.95399e-14 -2.84217e-14
3.35362 10.4047 0 3 -7.10543e-15 0
0.768082 152.01 3 0 0 -1.42109e-14
0.603797 -40.2314 3 3 1.42109e-14 2.84217e-14
0.463106 46.5456 3 4 0 -2.84217e-14
3.58543 10.1608 1 2 -3.37508e-14 -4.26326e-14
3.40005 -87.742 0 0 2.84217e-14 2.84217e-14
3.43067 103.454 0 3 2.30926e-14 4.26326e-14
0.79812 121.302 4 0 0 2.84217e-14
3.21319 54.6447 0 3 -1.77636e-14 7.10543e-15
0.748512 -123.749 1 0 -2.13163e-14 0
0.595748 -32.2295 3 3 -7.10543e-15 -1.42109e-14
0.21029 176.263 3 0 0 -1.42109e-14
0.155564 62.3917 5 0 7.10543e-15 0
0.57877 -7.31238 1 1 -7.10543e-15 2.84217e-14
0.564084 -59.944 0 4 1.42109e-14 1.42109e-14
0.381943 66.67 2 3 0 0
0.392962 74.0834 4 0 -7.10543e-15 0
3.23966 60.3252 0 3 -1.24345e-14 0
0.551606 -148.752 1 0 -7.10543e-15 1.42109e-14
0.540428 32.6434 5 0 1.42109e-14 0
3.37761 113.468 0 3 -8.88178e-15 0
3.38401 110.203 0 3 -3.55271e-15 0
0.603225 -121.639 4 3 -1.42109e-14 -1.42109e-14
3.45694 125.096 0 3 3.37508e-14 2.84217e-14
3.25681 76.8369 0 3 0 7.10543e-15
0.244982 68.3335 3 4 7.10543e-15 0
0.700173 19.0369 5 0 7.10543e-15 1.42109e-14
0.690937 -29.9294 0 0 7.10543e-15 1.42109e-14
0.571504 -93.887 2 0 0 1.42109e-14
3.22552 98.3239 0 3 -3.01981e-14 -2.13163e-14
3.25261 78.9385 0 3 -1.42109e-14 -1.42109e-14
0.703633 153.234 4 1 0 1.42109e-14
3.4837 111.44 0 3 -1.06581e-14 0
0.567403 -14.464 1 1 -7.10543e-15 0
3.12297 86.134 0 3 -5.32907e-15 -7.10543e-15
3.26138 57.4343 0 3 -8.88178e-15 -1.42109e-14
3.30726 42.4188 0 3 -1.42109e-14 -1.42109e-14
3.18612 96.4033 0 3 1.95399e-14 1.42109e-14
0.51305 82.7453 4 0 -1.42109e-14 -2.84217e-14
0.568077 61.4184 1 3 0 1.42109e-14
3.68812 143.038 0 3 1.42109e-14 1.42109e-14
3.28915 78.1491 0 3 3.55271e-15 0
0.498187 75.4865 4 0 7.10543e-15 2.84217e-14
0.800689 -40.087 0 4 3.55271e-15 0
3.27296 85.3784 0 3 -3.19744e-14 -1.42109e-14
3.35548 107.553 0 3 -3.55271e-14 -1.42109e-14
0.646187 90.1315 1 3 0 -2.84217e-14
0.619865 -45.0303 3 3 7.10543e-15 2.84217e-14
0.865088 22.0579 0 0 -7.10543e-15 -1.42109e-14
0.543486 32.4254 5 0 -7.10543e-15 0
0.861176 -96.2175 2 0 1.42109e-14 1.42109e-14
3.21264 69.2147 0 3 -1.59872e-14 7.10543e-15
0.889506 15.7545 5 0 2.13163e-14 -1.42109e-14
0.72858 99.6652 4 0 0 -1.42109e-14
3.1728 68.8075 0 3 2.66454e-14 2.84217e-14
0.655805 -153.445 0 5 -2.84217e-14 -4.26326e-14
3.32552 113.598 0 3 2.66454e-14 7.10543e-15
0.638901 -62.5602 0 4 -1.06581e-14 0
0.682574 -164.741 0 3 0 0
0.48629 -35.9781 3 3 0 2.84217e-14
3.7249 147.475 0 3 3.01981e-14 5.68434e-14
3.06061 92.316 0 3 -1.95399e-14 -2.13163e-14
0.422254 -126.172 2 0 0 0
3.77861 164.847 0 3 -5.32907e-15 1.42109e-14
3.322 22.2154 0 3 3.55271e-15 -1.42109e-14
0.522679 69.9021 2 3 7.10543e-15 0
3.28648 79.2774 0 3 2.13163e-14 4.26326e-14
3.34007 94.1319 0 3 -1.77636e-14 -7.10543e-15
3.39203 119.672 0 3 3.55271e-15 2.84217e-14
0.389134 71.9182 2 4 -1.42109e-14 -1.42109e-14
0.583433 48.276 3 4 2.13163e-14 -1.42109e-14
3.40081 124.521 0 3 -2.13163e-14 -2.13163e-14
3.53071 6.3262 0 1 2.84217e-14 4.9738e-14
3.31943 89.3692 0 3 1.77636e-14 2.84217e-14
0.584055 75.6272 1 3 0 -5.68434e-14
3.6103 145.65 0 3 1.95399e-14 2.13163e-14
0.171472 -137.933 4 3 0 -1.42109e-14
3.45485 114.291 0 3 -2.13163e-14 0
3.25423 77.5235 0 3 1.77636e-14 2.13163e-14
0.823702 -176.549 4 3 1.42109e-14 -4.26326e-14
3.39317 100.678 0 3 -2.13163e-14 -2.84217e-14
0.483691 71.3635 5 0 7.10543e-15 2.84217e-14
0.743681 115.04 4 0 0 -1.42109e-14
3.40358 124.496 0 3 1.95399e-14 4.9738e-14
0.73639 112.687 3 5 7.10543e-15 0
0.290465 -110.751 3 1 7.10543e-15 0
0.235933 -11.4039 1 1 1.42109e-14 2.84217e-14
0.55088 -83.6147 2 0 -7.10543e-15 -2.84217e-14
0.736058 -129.43 5 4 -7.10543e-15 -4.26326e-14
0.9639 4.87266 5 0 0 1.42109e-14
0.90566 -41.7956 0 4 -3.55271e-15 -1.42109e-14
3.86828 160.242 0 3 1.42109e-14 0
3.36492 -89.5456 0 0 2.30926e-14 2.13163e-14
0.629292 7.81362 0 0 7.10543e-15 0
3.06874 77.8248 0 3 1.24345e-14 2.84217e-14
3.25715 59.1969 0 3 -1.24345e-14 -1.42109e-14
0.79726 134.953 3 0 1.42109e-14 -1.42109e-14
3.26095 77.3774 0 3 -1.95399e-14 -2.13163e-14
0.478088 -63.0823 3 1 0 0
3.26328 72.4856 0 3 1.24345e-14 1.42109e-14
3.51884 133.044 0 3 3.90799e-14 4.26326e-14
0.516127 43.6322 2 3 -7.10543e-15 0
3.48622 105.295 0 3 -5.86198e-14 -4.26326e-14
3.30538 -36.9616 0 1 -1.77636e-15 0
3.70362 148.985 0 3 -2.30926e-14 0
3.61016 14.5811 5 0 1.42109e-14 1.42109e-14
0.705884 -165.087 4 3 1.42109e-14 4.26326e-14
4.35674 -161.464 0 3 7.10543e-15 2.84217e-14
3.28637 92.4289 0 3 -8.88178e-15 7.10543e-15
0.62286 94.4274 2 4 7.10543e-15 0
4.05445 170.657 0 3 2.13163e-14 4.26326e-14
0.59418 81.9954 4 0 7.10543e-15 -2.84217e-14
0.773783 -161.257 4 3 0 -1.42109e-14
3.29789 111.231 0 3 0 0
0.57043 -49.7644 3 3 0 -1.42109e-14
3.61178 136.381 0 3 -1.95399e-14 -7.10543e-15
3.34587 89.8082 0 3 -1.77636e-15 0
4.35131 -163.991 0 3 -1.77636e-14 0
3.14944 73.9403 0 3 -3.55271e-15 0
3.32729 -25.4136 0 1 0 1.42109e-14
3.48123 111.23 0 3 -7.10543e-15 7.10543e-15
3.15493 60.7925 0 3 -1.59872e-14 -1.42109e-14
0.588177 -11.9106 1 1 -1.42109e-14 0
3.39403 103.75 0 3 -8.88178e-15 -7.10543e-15
0.709273 98.3224 4 0 -1.42109e-14 0
3.24607 -53.8551 0 1 1.77636e-15 1.42109e-14
3.25041 68.9663 0 3 -1.06581e-14 -1.42109e-14
0.713668 95.7421 2 4 -7.10543e-15 -1.42109e-14
0.689983 137.912 0 3 -7.10543e-15 -2.84217e-14
0.391343 -178.43 1 4 -7.10543e-15 -1.42109e-14
3.32738 8.13361 0 3 1.42109e-14 2.84217e-14
3.37744 31.0044 0 3 3.55271e-15 0
3.68268 141.201 0 3 5.15143e-14 5.68434e-14
3.29327 83.1811 0 3 -1.06581e-14 -7.10543e-15
0.798919 -106.918 1 0 0 -2.84217e-14
0.437732 -1.57141 1 1 -7.10543e-15 1.42109e-14
0.449867 162.971 1 4 0 0
3.70772 144.981 0 3 1.42109e-14 2.13163e-14
0.585362 -119.618 2 1 -1.42109e-14 -1.42109e-14
0.640836 -134.66 2 0 -7.10543e-15 0
0.514806 56.8858 4 0 0 0
0.703647 29.0391 5 0 7.10543e-15 -1.42109e-14
0.438626 -163.789 3 0 7.10543e-15 -1.42109e-14
0.669577 -92.088 4 3 7.10543e-15 -1.42109e-14
3.31342 82.2153 0 3 -1.06581e-14 0
0.861391 128.764 4 0 -1.42109e-14 0
3.3412 94.8633 0 3 8.88178e-15 2.13163e-14
3.37298 89.9297 0 3 -1.77636e-15 1.42109e-14
3.32778 83.5772 0 3 -2.13163e-14 -1.42109e-14
0.833896 104.684 4 0 -7.10543e-15 -1.42109e-14
0.70713 -114.362 1 0 2.13163e-14 2.84217e-14
0.451227 -28.9662 3 3 0 0
3.5029 20.1315 0 3 -7.10543e-15 0
3.17464 103.252 0 3 -1.24345e-14 -1.42109e-14
3.40018 105.334 0 3 -3.19744e-14 -1.42109e-14
3.48084 122.688 0 3 7.10543e-15 2.13163e-14
3.70522 144.301 0 3 -7.10543e-15 -7.10543e-15
3.07254 110.034 0 3 -2.13163e-14 7.10543e-15
0.460928 -66.6281 2 0 3.55271e-15 1.42109e-14
0.751088 -134.762 1 0 0 -5.68434e-14
0.757606 -12.4008 1 1 -7.10543e-15 -1.42109e-14
0.723236 177.084 3 0 -1.42109e-14 -1.42109e-14
0.778614 109.986 3 5 1.42109e-14 -1.42109e-14
3.37103 -87.2412 0 0 -7.10543e-15 1.42109e-14
3.27102 49.5838 0 3 1.24345e-14 2.84217e-14
3.1992 50.8468 0 3 -5.32907e-15 -7.10543e-15
0.341854 157.15 3 0 0 2.84217e-14
0.573307 -153.181 4 3 0 -1.42109e-14
3.41549 -2.19602 0 3 -3.55271e-15 4.26326e-14
3.23215 62.3402 0 3 8.88178e-15 2.84217e-14
3.42207 113.159 0 3 -1.77636e-15 -7.10543e-15
0.386117 -25.1638 1 1 1.42109e-14 -2.84217e-14
3.39562 113.364 0 3 -5.32907e-15 2.13163e-14
3.35459 -16.4253 1 2 1.95399e-14 2.84217e-14
0.432521 39.1269 5 0 -7.10543e-15 -1.42109e-14
0.175373 -174.386 3 0 7.10543e-15 1.42109e-14
0.539817 11.3053 3 3 -2.84217e-14 -5.68434e-14
0.809232 -49.9532 3 3 7.10543e-15 -1.42109e-14
3.59089 138.899 0 3 7.10543e-15 7.10543e-15
0.381798 -132.065 1 0 0 -1.42109e-14
3.3572 90.9225 0 3 -1.95399e-14 -1.42109e-14
0.552493 -61.7266 3 1 0 0
3.3942 98.4957 0 3 3.55271e-15 -7.10543e-15
3.52511 142.76 0 3 -1.77636e-15 2.84217e-14
3.31184 -44.4304 0 1 5.32907e-15 1.42109e-14
0.564033 -35.5117 3 3 -1.42109e-14 -4.26326e-14
3.32982 84.9052 0 3 -3.55271e-15 7.10543e-15
0.504061 -9.83909 1 1 7.10543e-15 -2.84217e-14
3.27678 44.1383 0 3 3.55271e-15 0
0.458307 163.637 1 4 7.10543e-15 0
0.28251 28.5226 1 3 1.42109e-14 -4.26326e-14
0.671607 139.618 1 4 0 -2.84217e-14
3.17513 70.5487 0 3 0 7.10543e-15
0.225859 177.532 3 0 -7.10543e-15 -2.84217e-14
0.811937 12.8777 5 0 0 1.42109e-14
0.545841 53.239 5 0 0 0
3.32791 113.792 0 3 3.19744e-14 5.68434e-14
3.18638 51.3227 0 3 -1.06581e-14 7.10543e-15
3.54995 131.699 0 3 6.39488e-14 5.68434e-14
0.551257 -121.824 2 1 0 -7.10543e-14
3.30616 89.5809 0 3 -2.66454e-14 -1.42109e-14
0 0 0 0 0 1.42109e-14
